PSATCAN;-43.2,-20.4;-42.8,-20.4;-43.6,-20.8;-43.2,-20.8;-42.8,-20.8;
PSATSAC;-43.2,-19.6;-43.6,-20.0;-43.2,-20.0;
PSATPES;-43.2,-18.8;-43.2,-19.2;-42.8,-19.2;
PSATMAS;-42.4,-18.0;-42.0,-18.0;-43.2,-18.4;-42.8,-18.4;-42.4,-18.4;-42.0,-18.4;-42.8,-18.8;-42.4,-18.8;-42.0,-18.8;-41.6,-18.8;-42.4,-19.2;-42.0,-19.2;-41.6,-19.2;-41.2,-19.2;-42.8,-19.6;-42.4,-19.6;-42.0,-19.6;-41.6,-19.6;-41.2,-19.6;-42.8,-20.0;-42.4,-20.0;-42.0,-20.0;-41.6,-20.0;-41.2,-20.0;-42.4,-20.4;-42.0,-20.4;
PSATAGV;-50.0,-19.6;-49.6,-19.6;-49.2,-19.6;-50.0,-20.0;-49.6,-20.0;-49.2,-20.0;-50.0,-20.4;-49.6,-20.4;-49.2,-20.4;-49.2,-20.8;-48.8,-20.8;-48.8,-21.2;
PSATCMG;-44.4,-21.6;-44.0,-21.6;-44.4,-22.0;
PSATCES;-48.0,-20.4;-47.6,-20.8;-47.2,-20.8;-47.2,-21.2;
PSATELC;-46.8,-21.6;-46.4,-21.6;-46.4,-22.0;
PSATFUN;-44.4,-20.8;-44.8,-21.2;-44.4,-21.2;-44.0,-21.2;-44.8,-21.6;
PSATFUR;-46.0,-20.8;-45.6,-20.8;-45.2,-20.8;-44.8,-20.8;-46.4,-21.2;-46.0,-21.2;-45.6,-21.2;-45.2,-21.2;-46.0,-21.6;-46.0,-22.0;
PSATMRB;-48.8,-20.0;-48.8,-20.4;-48.4,-20.4;-48.4,-20.8;-48.0,-20.8;-47.6,-21.2;-46.8,-21.2;-47.2,-21.6;
PSATPRG;-45.6,-21.6;-45.6,-22.0;-46.0,-22.4;-45.6,-22.4;-45.2,-22.4;
PSATPAS;-48.4,-21.2;-48.0,-21.2;-48.0,-21.6;-47.6,-21.6;-47.6,-22.0;-47.2,-22.0;-46.8,-22.0;-47.2,-22.4;-46.8,-22.4;-46.4,-22.4;
PSATPTB;-45.2,-21.6;-45.2,-22.0;-44.8,-22.0;
PSATPTC;-48.0,-19.6;-48.4,-20.0;-48.0,-20.0;-47.6,-20.0;-47.2,-20.0;-47.6,-20.4;-47.2,-20.4;-46.8,-20.4;-46.8,-20.8;-46.4,-20.8;
PSATFZA;-51.2,-25.6;-51.6,-26.0;-51.2,-26.0;-51.2,-26.4;
PSATJSG;-52.0,-25.6;-52.0,-26.0;-51.6,-26.4;
PSATSCX;-53.2,-25.2;-52.8,-25.2;-52.0,-25.2;-53.2,-25.6;-52.8,-25.6;-52.4,-25.6;-53.2,-26.0;-52.8,-26.0;-52.4,-26.0;-52.4,-26.4;-52.0,-26.4;
PSATSCL;-51.6,-25.2;-51.6,-25.6;
PSATUVT;-50.8,-25.6;-50.4,-25.6;-50.0,-25.6;-49.6,-25.6;-49.2,-25.6;-50.8,-26.0;-50.4,-26.0;-50.0,-26.0;-49.6,-26.0;-49.2,-26.0;-50.8,-26.4;-50.4,-26.4;-50.0,-26.4;-49.6,-26.4;-50.4,-26.8;
PSATBIGU;-53.6,-25.2;-53.2,-25.2;-52.8,-25.2;-52.0,-25.2;-53.6,-25.6;-53.2,-25.6;-52.8,-25.6;-52.4,-25.6;-53.6,-26.0;-53.2,-26.0;-52.8,-26.0;-52.4,-26.0;-52.4,-26.4;-52.0,-26.4;
PSATBSM;-53.2,-24.0;-52.8,-24.0;-53.6,-24.4;-53.2,-24.4;-52.8,-24.4;-53.2,-24.8;-52.8,-24.8;-52.4,-24.8;-52.0,-24.8;-52.4,-25.2;
PSATFLE;-55.6,-22.8;-55.2,-22.8;-54.8,-22.8;-55.2,-23.2;-54.8,-23.2;-55.2,-23.6;-54.8,-23.6;
PSATITP;-53.2,-22.0;-54.0,-22.4;-53.6,-22.4;-53.2,-22.4;-54.4,-22.8;-54.0,-22.8;-53.6,-22.8;-53.2,-22.8;-54.4,-23.2;-54.0,-23.2;-53.6,-23.2;-54.4,-23.6;-54.0,-23.6;-53.6,-23.6;-55.2,-24.0;-54.8,-24.0;-54.4,-24.0;-54.0,-24.0;-53.6,-24.0;-55.2,-24.4;-54.8,-24.4;-54.4,-24.4;-54.0,-24.4;-54.8,-24.8;-54.4,-24.8;-54.0,-24.8;-53.6,-24.8;-54.8,-25.2;-54.4,-25.2;-54.0,-25.2;
PSATIVM;-55.2,-21.2;-54.8,-21.2;-55.6,-21.6;-55.2,-21.6;-54.8,-21.6;-54.4,-21.6;-54.0,-21.6;-55.6,-22.0;-55.2,-22.0;-54.8,-22.0;-54.4,-22.0;-54.0,-22.0;-53.6,-22.0;-55.6,-22.4;-55.2,-22.4;-54.8,-22.4;-54.4,-22.4;
PSATPTQ;-53.2,-23.2;-52.8,-23.2;-52.4,-23.2;-53.2,-23.6;-52.8,-23.6;-52.4,-23.6;-52.0,-23.6;-52.4,-24.0;-52.0,-24.0;-51.6,-24.0;-51.2,-24.0;-52.4,-24.4;-52.0,-24.4;-51.6,-24.4;-51.2,-24.4;-51.6,-24.8;-51.2,-24.8;-51.2,-25.2;-50.8,-25.2;
PSATAMY;-72.0,-11.2;-71.6,-11.2;-71.2,-11.2;-72.0,-11.6;-71.6,-11.6;-71.2,-11.6;-70.8,-11.6;-70.4,-11.6;-72.0,-12.0;-71.6,-12.0;-71.2,-12.0;-70.8,-12.0;-70.4,-12.0;-70.0,-12.0;-69.6,-12.0;-72.0,-12.4;-71.6,-12.4;-71.2,-12.4;-70.8,-12.4;-70.4,-12.4;-70.0,-12.4;-69.6,-12.4;-69.2,-12.4;-71.6,-12.8;-71.2,-12.8;-70.8,-12.8;-70.4,-12.8;-70.0,-12.8;-69.6,-12.8;-69.2,-12.8;-71.6,-13.2;-71.2,-13.2;-70.8,-13.2;-70.4,-13.2;-70.0,-13.2;-69.6,-13.2;-70.8,-13.6;-70.4,-13.6;-70.0,-13.6;-69.6,-13.6;-69.2,-13.6;-70.8,-14.0;-70.4,-14.0;-70.0,-14.0;-69.6,-14.0;-69.2,-14.0;-68.8,-14.0;-69.6,-14.4;-69.2,-14.4;-68.8,-14.4;
PSATGJR;-65.2,-10.8;-64.8,-10.8;-64.4,-10.8;-64.0,-10.8;-65.2,-11.2;-64.8,-11.2;-64.4,-11.2;-64.0,-11.2;-63.6,-11.2;-63.2,-11.2;-65.2,-11.6;-64.8,-11.6;-64.4,-11.6;-64.0,-11.6;-63.6,-11.6;-65.2,-12.0;-64.8,-12.0;-64.4,-12.0;-65.2,-12.4;-64.8,-12.4;-65.2,-12.8;-64.8,-12.8;-66.0,-13.2;-65.6,-13.2;-65.2,-13.2;-66.4,-13.6;-66.0,-13.6;-65.6,-13.6;-65.2,-13.6;-66.8,-14.0;-66.4,-14.0;-66.0,-14.0;-65.6,-14.0;-65.2,-14.0;-67.2,-14.4;-66.8,-14.4;-66.4,-14.4;-66.0,-14.4;-65.6,-14.4;-65.2,-14.4;-64.8,-14.4;-67.2,-14.8;-66.8,-14.8;-66.4,-14.8;-66.0,-14.8;-65.6,-14.8;-65.2,-14.8;-64.8,-14.8;-64.4,-14.8;-66.8,-15.2;-66.4,-15.2;-66.0,-15.2;-65.6,-15.2;-65.2,-15.2;-64.8,-15.2;-64.4,-15.2;-64.0,-15.2;-66.8,-15.6;-66.4,-15.6;-66.0,-15.6;-65.6,-15.6;-65.2,-15.6;-64.8,-15.6;-64.4,-15.6;-64.0,-15.6;-66.4,-16.0;-66.0,-16.0;-65.6,-16.0;-65.2,-16.0;-64.8,-16.0;-64.4,-16.0;-64.0,-16.0;-63.6,-16.0;-66.0,-16.4;-65.6,-16.4;-65.2,-16.4;-64.8,-16.4;-64.4,-16.4;-64.0,-16.4;-63.6,-16.4;-63.2,-16.4;-62.8,-16.4;-62.4,-16.4;-61.6,-16.4;-61.2,-16.4;-65.6,-16.8;-65.2,-16.8;-64.8,-16.8;-64.4,-16.8;-64.0,-16.8;-63.6,-16.8;-63.2,-16.8;-62.8,-16.8;-62.4,-16.8;-62.0,-16.8;-61.6,-16.8;-61.2,-16.8;-60.8,-16.8;-66.0,-17.2;-65.6,-17.2;-65.2,-17.2;-64.8,-17.2;-64.4,-17.2;-64.0,-17.2;-63.6,-17.2;-63.2,-17.2;-62.8,-17.2;-62.4,-17.2;-62.0,-17.2;-61.6,-17.2;-61.2,-17.2;-60.8,-17.2;-60.4,-17.2;-66.4,-17.6;-66.0,-17.6;-65.6,-17.6;-65.2,-17.6;-64.8,-17.6;-64.4,-17.6;-64.0,-17.6;-63.6,-17.6;-63.2,-17.6;-62.8,-17.6;-62.4,-17.6;-62.0,-17.6;-61.6,-17.6;-61.2,-17.6;-60.8,-17.6;-60.4,-17.6;-66.4,-18.0;-66.0,-18.0;-65.6,-18.0;-65.2,-18.0;-64.8,-18.0;-64.4,-18.0;-64.0,-18.0;-63.6,-18.0;-63.2,-18.0;-62.8,-18.0;-62.4,-18.0;-62.0,-18.0;-61.6,-18.0;-61.2,-18.0;-60.8,-18.0;-60.4,-18.0;-66.4,-18.4;-66.0,-18.4;-65.6,-18.4;-65.2,-18.4;-64.8,-18.4;-64.4,-18.4;-64.0,-18.4;-63.6,-18.4;-63.2,-18.4;-62.8,-18.4;-62.4,-18.4;-62.0,-18.4;-61.6,-18.4;-61.2,-18.4;-60.8,-18.4;-66.4,-18.8;-66.0,-18.8;-65.6,-18.8;-65.2,-18.8;-64.8,-18.8;-64.4,-18.8;-64.0,-18.8;-63.6,-18.8;-63.2,-18.8;-62.8,-18.8;-62.4,-18.8;-62.0,-18.8;-61.6,-18.8;-61.2,-18.8;-60.8,-18.8;-64.8,-19.2;-64.4,-19.2;-64.0,-19.2;-63.6,-19.2;-63.2,-19.2;-62.8,-19.2;-62.4,-19.2;-64.4,-19.6;-64.0,-19.6;-63.6,-19.6;-63.2,-19.6;-62.8,-19.6;-64.4,-20.0;-64.0,-20.0;-63.6,-20.0;-63.2,-20.0;-64.0,-20.4;-63.6,-20.4;
PSATPRNC;-63.2,-11.6;-62.8,-11.6;-64.0,-12.0;-63.6,-12.0;-63.2,-12.0;-62.8,-12.0;-62.4,-12.0;-62.0,-12.0;-64.4,-12.4;-64.0,-12.4;-63.6,-12.4;-63.2,-12.4;-62.8,-12.4;-62.4,-12.4;-62.0,-12.4;-64.4,-12.8;-64.0,-12.8;-63.6,-12.8;-63.2,-12.8;-62.8,-12.8;-62.4,-12.8;-62.0,-12.8;-61.6,-12.8;-61.2,-12.8;-64.8,-13.2;-64.4,-13.2;-64.0,-13.2;-63.6,-13.2;-63.2,-13.2;-62.8,-13.2;-62.4,-13.2;-62.0,-13.2;-61.6,-13.2;-61.2,-13.2;-60.8,-13.2;-60.4,-13.2;-60.0,-13.2;-64.8,-13.6;-64.4,-13.6;-64.0,-13.6;-63.6,-13.6;-63.2,-13.6;-62.8,-13.6;-62.4,-13.6;-62.0,-13.6;-61.6,-13.6;-61.2,-13.6;-60.8,-13.6;-60.4,-13.6;-60.0,-13.6;-64.8,-14.0;-64.4,-14.0;-64.0,-14.0;-63.6,-14.0;-63.2,-14.0;-62.8,-14.0;-62.4,-14.0;-62.0,-14.0;-61.6,-14.0;-61.2,-14.0;-60.8,-14.0;-60.4,-14.0;-60.0,-14.0;-59.6,-14.0;-64.4,-14.4;-64.0,-14.4;-63.6,-14.4;-63.2,-14.4;-62.8,-14.4;-62.4,-14.4;-62.0,-14.4;-61.6,-14.4;-61.2,-14.4;-60.8,-14.4;-60.4,-14.4;-60.0,-14.4;-59.6,-14.4;-64.0,-14.8;-63.6,-14.8;-63.2,-14.8;-62.8,-14.8;-62.4,-14.8;-62.0,-14.8;-61.6,-14.8;-61.2,-14.8;-60.8,-14.8;-60.4,-14.8;-60.0,-14.8;-59.6,-14.8;-59.2,-14.8;-63.6,-15.2;-63.2,-15.2;-62.8,-15.2;-62.4,-15.2;-62.0,-15.2;-61.6,-15.2;-61.2,-15.2;-60.8,-15.2;-60.4,-15.2;-60.0,-15.2;-59.6,-15.2;-59.2,-15.2;-63.6,-15.6;-63.2,-15.6;-62.8,-15.6;-62.4,-15.6;-62.0,-15.6;-61.6,-15.6;-61.2,-15.6;-60.8,-15.6;-60.4,-15.6;-60.0,-15.6;-59.6,-15.6;-59.2,-15.6;-63.2,-16.0;-62.8,-16.0;-62.4,-16.0;-62.0,-16.0;-61.6,-16.0;-61.2,-16.0;-60.8,-16.0;-60.4,-16.0;-60.0,-16.0;-59.6,-16.0;-62.0,-16.4;-60.8,-16.4;-60.4,-16.4;
PSATSANT;-64.0,-8.8;-64.8,-9.2;-64.4,-9.2;-64.4,-9.6;-64.0,-9.6;-64.4,-10.0;-64.0,-10.0;-64.4,-10.4;-64.0,-10.4;
PSATDARD;-59.2,-10.4;-60.0,-10.8;-59.6,-10.8;-59.2,-10.8;-59.6,-11.2;-59.2,-11.2;-59.6,-11.6;-59.2,-11.6;
PSATJIRA;-66.4,-9.6;-66.0,-9.6;-65.6,-9.6;-65.2,-9.6;-64.8,-9.6;-66.8,-10.0;-66.4,-10.0;-66.0,-10.0;-65.6,-10.0;-65.2,-10.0;-64.8,-10.0;-67.6,-10.4;-67.2,-10.4;-66.8,-10.4;-66.4,-10.4;-66.0,-10.4;-65.6,-10.4;-65.2,-10.4;-64.8,-10.4;-71.2,-10.8;-68.4,-10.8;-68.0,-10.8;-67.6,-10.8;-67.2,-10.8;-66.8,-10.8;-66.4,-10.8;-66.0,-10.8;-65.6,-10.8;-70.8,-11.2;-70.4,-11.2;-70.0,-11.2;-68.8,-11.2;-68.4,-11.2;-68.0,-11.2;-67.6,-11.2;-67.2,-11.2;-66.8,-11.2;-66.4,-11.2;-66.0,-11.2;-65.6,-11.2;-70.0,-11.6;-69.6,-11.6;-69.2,-11.6;-68.8,-11.6;-68.4,-11.6;-68.0,-11.6;-67.6,-11.6;-67.2,-11.6;-66.8,-11.6;-66.4,-11.6;-66.0,-11.6;-65.6,-11.6;-69.2,-12.0;-68.8,-12.0;-68.4,-12.0;-68.0,-12.0;-67.6,-12.0;-67.2,-12.0;-66.8,-12.0;-66.4,-12.0;-66.0,-12.0;-65.6,-12.0;-68.8,-12.4;-68.4,-12.4;-68.0,-12.4;-67.6,-12.4;-67.2,-12.4;-66.8,-12.4;-66.4,-12.4;-66.0,-12.4;-65.6,-12.4;-68.8,-12.8;-68.4,-12.8;-68.0,-12.8;-67.6,-12.8;-67.2,-12.8;-66.8,-12.8;-66.4,-12.8;-66.0,-12.8;-65.6,-12.8;-69.2,-13.2;-68.8,-13.2;-68.4,-13.2;-68.0,-13.2;-67.6,-13.2;-67.2,-13.2;-66.8,-13.2;-66.4,-13.2;-68.8,-13.6;-68.4,-13.6;-68.0,-13.6;-67.6,-13.6;-67.2,-13.6;-66.8,-13.6;-68.4,-14.0;-68.0,-14.0;-67.6,-14.0;-67.2,-14.0;-68.4,-14.4;-68.0,-14.4;-67.6,-14.4;-68.8,-14.8;-68.4,-14.8;-68.0,-14.8;-67.6,-14.8;-68.8,-15.2;-68.4,-15.2;-68.0,-15.2;-67.6,-15.2;-67.2,-15.2;-68.8,-15.6;-68.4,-15.6;-68.0,-15.6;-67.6,-15.6;-67.2,-15.6;-68.0,-16.0;-67.6,-16.0;-67.2,-16.0;-66.8,-16.0;-68.0,-16.4;-67.6,-16.4;-67.2,-16.4;-66.8,-16.4;-66.4,-16.4;-68.0,-16.8;-67.6,-16.8;-67.2,-16.8;-66.8,-16.8;-66.4,-16.8;-66.0,-16.8;-67.6,-17.2;-67.2,-17.2;-66.8,-17.2;-66.4,-17.2;-66.8,-17.6;
PSATROND;-60.4,-12.4;
PSATSAMU;-63.2,-9.2;-62.8,-9.6;-63.2,-10.0;-62.8,-10.0;-63.2,-10.4;-62.8,-10.4;-63.2,-10.8;
PSATXIVJ;-51.2,-28.4;-51.6,-28.8;
PSATDFRC;-53.6,-28.8;-53.6,-29.2;-53.2,-29.2;-52.8,-29.2;
PSATREAL;-53.2,-28.4;-52.8,-28.4;-53.2,-28.8;-52.8,-28.8;-52.4,-28.8;
PSATCTAV;-51.2,-28.8;-50.8,-28.8;-50.4,-28.8;-50.0,-28.8;-50.4,-29.2;
PSATERNT;-52.0,-28.0;-52.4,-28.4;
PSATSTPL;-50.0,-27.2;-49.6,-27.2;-49.6,-27.6;
PSATBALB;-59.6,-0.4;-60.0,-0.8;-59.6,-0.8;-60.8,-1.2;-60.4,-1.2;-60.0,-1.2;-59.6,-1.2;-60.0,-1.6;-59.6,-1.6;-59.2,-1.6;
PSATCUNA;-54.8,-2.8;-54.8,-3.2;-54.4,-3.2;-54.8,-3.6;-54.4,-3.6;-54.4,-4.0;-54.8,-4.4;
PSATJARI;-54.8,2.4;-54.8,2.0;-54.4,2.0;-54.0,2.0;-53.6,2.0;-53.2,2.0;-54.4,1.6;-54.0,1.6;-53.6,1.6;-53.2,1.6;-54.4,1.2;-54.0,1.2;-53.6,1.2;-53.2,1.2;-54.0,0.8;-53.6,0.8;-53.2,0.8;-52.8,0.8;-53.6,0.4;-53.2,0.4;-52.8,0.4;-53.6,0.0;-53.2,0.0;-52.8,0.0;-52.4,0.0;-53.2,-0.4;-52.8,-0.4;-52.4,-0.4;
PSATFGOM;-52.0,2.4;-52.8,2.0;-52.4,2.0;-52.0,2.0;-51.6,2.0;-52.8,1.6;-52.4,1.6;-52.0,1.6;-51.6,1.6;-52.8,1.2;-52.4,1.2;-52.0,1.2;-51.6,1.2;-52.4,0.8;-52.0,0.8;-51.6,0.8;
PSATIRAP;-43.2,-16.4;-42.8,-16.4;-43.2,-16.8;-42.8,-16.8;-43.6,-17.2;-43.2,-17.2;-43.6,-17.6;-43.6,-18.0;-43.6,-18.4;
PSATITBI;-42.8,-16.0;-42.4,-16.0;-42.0,-16.0;-41.6,-16.0;-41.2,-16.0;-40.8,-16.0;-40.4,-16.0;-40.0,-16.0;-39.6,-16.0;-42.4,-16.4;-42.0,-16.4;-41.6,-16.4;-41.2,-16.4;-40.8,-16.4;-40.4,-16.4;-42.4,-16.8;-42.0,-16.8;-41.6,-16.8;-41.2,-16.8;-40.8,-16.8;-42.8,-17.2;-42.4,-17.2;-42.0,-17.2;-43.2,-17.6;-42.8,-17.6;-42.4,-17.6;-42.0,-17.6;-43.2,-18.0;-42.8,-18.0;
PSATUBE;-46.0,-6.8;-44.4,-6.8;-44.0,-6.8;-43.6,-6.8;-46.4,-7.2;-46.0,-7.2;-45.6,-7.2;-45.2,-7.2;-44.8,-7.2;-44.4,-7.2;-46.4,-7.6;-46.0,-7.6;-45.6,-7.6;-45.2,-7.6;-44.8,-7.6;-44.4,-7.6;-46.4,-8.0;-46.0,-8.0;-45.6,-8.0;-45.2,-8.0;-44.8,-8.0;-44.4,-8.0;-46.4,-8.4;-46.0,-8.4;-45.6,-8.4;-45.2,-8.4;-44.8,-8.4;-44.4,-8.4;-46.8,-8.8;-46.4,-8.8;-46.0,-8.8;-45.6,-8.8;-45.2,-8.8;-44.8,-8.8;-46.8,-9.2;-46.4,-9.2;-46.0,-9.2;-45.6,-9.2;-45.2,-9.2;-46.4,-9.6;-46.0,-9.6;-45.6,-9.6;-46.4,-10.0;-46.0,-10.0;-45.6,-10.0;
PSATPDC;-41.2,-11.6;-40.8,-11.6;-40.4,-11.6;-40.0,-11.6;-39.6,-11.6;-39.2,-11.6;-41.2,-12.0;-40.8,-12.0;-40.4,-12.0;-40.0,-12.0;-39.6,-12.0;-39.2,-12.0;-41.6,-12.4;-41.2,-12.4;-40.8,-12.4;-40.4,-12.4;-40.0,-12.4;-39.6,-12.4;-39.2,-12.4;-41.6,-12.8;-41.2,-12.8;-40.8,-12.8;-40.4,-12.8;-40.0,-12.8;-39.6,-12.8;-41.2,-13.2;-40.8,-13.2;-40.4,-13.2;
PSATSTCL;-41.6,-17.2;-41.2,-17.2;-40.8,-17.2;-41.6,-17.6;-41.2,-17.6;-40.8,-17.6;
PSATITQ;-54.8,-17.2;-54.4,-17.2;-54.0,-17.2;-53.6,-17.2;
PSATMAN;-55.6,-14.8;-55.2,-14.8;-54.8,-14.8;-55.6,-15.2;-55.2,-15.2;
PSATPTP;-54.8,-17.6;-54.4,-17.6;-54.0,-17.6;
PSATESP;-52.8,-18.0;
PSATSRC;-52.4,-17.6;-52.4,-18.0;-52.4,-18.4;-52.0,-18.4;-51.6,-18.4;-51.2,-18.8;
PSATFRCL;-52.0,-17.2;-52.0,-17.6;-51.6,-17.6;-52.0,-18.0;-51.6,-18.0;-51.2,-18.0;-51.2,-18.4;-50.8,-18.8;
PSATISOT;-52.4,-18.8;-52.0,-18.8;-51.6,-18.8;-51.6,-19.2;-51.2,-19.2;-50.8,-19.2;-50.4,-19.2;-51.6,-19.6;-51.2,-19.6;-50.8,-19.6;-50.4,-19.6;-51.6,-20.0;-51.2,-20.0;-50.8,-20.0;-50.4,-20.0;-51.2,-20.4;-50.8,-20.4;-50.4,-20.4;-51.2,-20.8;-50.8,-20.8;-50.4,-20.8;-49.6,-20.8;-50.8,-21.2;-50.4,-21.2;
PSATJUP;-53.2,-18.4;-52.8,-18.4;-53.2,-18.8;-52.8,-18.8;-53.2,-19.2;-52.8,-19.2;-52.4,-19.2;-52.0,-19.2;-52.8,-19.6;-52.4,-19.6;-52.0,-19.6;-52.4,-20.0;-52.0,-20.0;-52.4,-20.4;-52.0,-20.4;-51.6,-20.4;-52.0,-20.8;
PSATSDG;-53.6,-18.8;-53.6,-19.2;-53.6,-19.6;-53.2,-19.6;-53.6,-20.0;-53.2,-20.0;
PSATFZBT;-54.4,-19.6;-54.0,-20.0;-54.4,-20.4;-54.0,-20.4;-53.6,-20.4;-54.8,-20.8;-54.4,-20.8;-54.0,-20.8;-53.6,-20.8;-53.2,-20.8;-54.4,-21.2;-54.0,-21.2;-53.6,-21.2;-53.2,-21.2;-53.6,-21.6;-53.2,-21.6;
PSATPPRA;-52.8,-20.0;-53.2,-20.4;-52.8,-20.4;-52.8,-20.8;-52.4,-20.8;-51.6,-20.8;-52.8,-21.2;-52.4,-21.2;-52.0,-21.2;-51.6,-21.2;-51.2,-21.2;-52.8,-21.6;-52.4,-21.6;-52.0,-21.6;-51.6,-21.6;-51.2,-21.6;-50.8,-21.6;-50.4,-21.6;-52.8,-22.0;-52.4,-22.0;-52.0,-22.0;-51.6,-22.0;-51.2,-22.0;-50.8,-22.0;-50.4,-22.0;-50.0,-22.0;-49.6,-22.0;-52.8,-22.4;-50.0,-22.4;
PSATCBI;-48.0,-15.6;-47.6,-15.6;-48.8,-16.4;-48.4,-16.4;-48.0,-16.4;-48.4,-16.8;-48.0,-16.8;-48.8,-17.2;-48.4,-17.2;-48.0,-17.2;-48.4,-17.6;
PSATCBIV;-48.8,-16.0;-48.4,-16.0;-48.0,-16.0;-48.4,-16.4;
PSATEMB;-47.2,-17.6;-47.2,-18.0;-47.6,-18.4;-47.2,-18.4;-46.8,-18.4;-47.6,-18.8;-47.2,-18.8;-46.8,-18.8;-46.4,-18.8;-46.4,-19.2;
PSATIMBR;-48.8,-16.8;-48.8,-17.6;-48.0,-17.6;-48.8,-18.0;-48.4,-18.0;-48.0,-18.0;-48.8,-18.4;-48.4,-18.4;-48.0,-18.4;-48.4,-18.8;-48.0,-18.8;-48.0,-19.2;-47.6,-19.6;
PSATNPTE;-47.6,-19.2;-47.2,-19.2;-46.8,-19.2;-47.2,-19.6;-46.8,-19.6;-46.4,-19.6;-46.8,-20.0;
PSATARV;-50.0,-16.4;-49.6,-16.4;-50.0,-16.8;-49.6,-16.8;-51.6,-17.2;-51.2,-17.2;-50.8,-17.2;-50.4,-17.2;-50.0,-17.2;-49.6,-17.2;-51.2,-17.6;-50.8,-17.6;-50.4,-17.6;-50.0,-17.6;-49.6,-17.6;-50.8,-18.0;-50.4,-18.0;
PSATSFC;-47.6,-16.0;-47.6,-16.4;-47.2,-16.4;-47.6,-16.8;-47.2,-16.8;-47.6,-17.2;-47.6,-17.6;-47.6,-18.0;
PSATSSM;-49.2,-16.4;-49.2,-16.8;-49.2,-17.2;-49.2,-17.6;-50.0,-18.0;-49.6,-18.0;-49.2,-18.0;-50.8,-18.4;-50.4,-18.4;-50.0,-18.4;-49.6,-18.4;-49.2,-18.4;-50.4,-18.8;-50.0,-18.8;-49.6,-18.8;-49.2,-18.8;-48.8,-18.8;-50.0,-19.2;-49.6,-19.2;-49.2,-19.2;-48.8,-19.2;-48.4,-19.2;-48.4,-19.6;
PSATCNI;-49.6,-22.4;-50.4,-22.8;-50.0,-22.8;-49.6,-22.8;-49.2,-22.8;-48.8,-22.8;
PSATCPV;-51.2,-22.4;-50.8,-22.4;-50.4,-22.4;-51.2,-22.8;-50.8,-22.8;-51.2,-23.2;-50.8,-23.2;-50.4,-23.2;-50.0,-23.2;-51.2,-23.6;-50.8,-23.6;-50.4,-23.6;-50.0,-23.6;-50.8,-24.0;-50.4,-24.0;-50.0,-24.0;-50.0,-24.4;
PSATCHT;-49.6,-23.2;-49.6,-23.6;-49.6,-24.0;-49.2,-24.0;-49.6,-24.4;
PSATJUR;-49.2,-23.2;-48.8,-23.2;-48.4,-23.2;-49.2,-23.6;-48.8,-23.6;-48.4,-23.6;-48.0,-23.6;-48.8,-24.0;-48.4,-24.0;-48.0,-24.0;-48.8,-24.4;
PSATMAU;-50.8,-24.4;-50.4,-24.4;-50.8,-24.8;-50.4,-24.8;-50.0,-24.8;-50.4,-25.2;-50.0,-25.2;
PSATROS;-52.4,-22.4;-52.0,-22.4;-51.6,-22.4;-52.8,-22.8;-52.4,-22.8;-52.0,-22.8;-51.6,-22.8;-52.0,-23.2;-51.6,-23.2;-51.6,-23.6;
PSATQMD;-47.2,-15.6;-47.2,-16.0;
PSATRBX;-44.8,-19.2;-44.4,-19.2;-44.4,-19.6;-44.4,-20.0;-44.4,-20.4;-44.0,-20.4;-44.0,-20.8;
PSATSFR;-46.4,-14.8;-46.8,-15.2;-46.4,-15.2;-46.8,-15.6;-46.4,-15.6;-46.0,-15.6;-45.6,-15.6;-46.4,-16.0;-46.0,-16.0;-45.6,-16.0;-45.2,-16.0;-44.8,-16.0;-46.4,-16.4;-46.0,-16.4;-45.6,-16.4;-45.2,-16.4;
PSATSRM;-46.8,-16.0;-46.8,-16.4;-44.8,-16.4;-44.4,-16.4;-46.8,-16.8;-46.4,-16.8;-46.0,-16.8;-45.6,-16.8;-45.2,-16.8;-44.8,-16.8;-44.4,-16.8;-44.0,-16.8;-47.2,-17.2;-46.8,-17.2;-46.4,-17.2;-46.0,-17.2;-45.6,-17.2;-45.2,-17.2;-44.8,-17.2;-44.4,-17.2;-44.0,-17.2;-46.8,-17.6;-46.4,-17.6;-46.0,-17.6;-45.6,-17.6;-45.2,-17.6;-44.8,-17.6;-44.4,-17.6;-44.0,-17.6;-46.8,-18.0;-46.4,-18.0;-46.0,-18.0;-45.6,-18.0;-45.2,-18.0;-44.8,-18.0;-44.4,-18.0;-44.0,-18.0;-46.4,-18.4;-46.0,-18.4;-44.8,-18.4;-44.4,-18.4;-44.0,-18.4;-43.6,-18.4;-46.0,-18.8;-44.4,-18.8;-44.0,-18.8;-46.0,-19.2;-44.0,-19.2;-43.6,-19.2;-44.0,-19.6;-43.6,-19.6;-44.0,-20.0;-43.6,-20.4;
PSATTMR;-45.6,-18.4;-45.2,-18.4;-45.6,-18.8;-45.2,-18.8;-44.8,-18.8;-45.6,-19.2;-45.2,-19.2;-46.0,-19.6;-45.6,-19.6;-45.2,-19.6;-44.8,-19.6;-46.4,-20.0;-46.0,-20.0;-45.6,-20.0;-45.2,-20.0;-44.8,-20.0;-46.4,-20.4;-46.0,-20.4;-45.6,-20.4;-45.2,-20.4;-44.8,-20.4;
PSATBOQ;-45.6,-10.4;-46.0,-10.8;-45.6,-10.8;-44.4,-10.8;-44.0,-10.8;-46.4,-11.2;-46.0,-11.2;-45.6,-11.2;-45.2,-11.2;-44.8,-11.2;-44.4,-11.2;-44.0,-11.2;-46.0,-11.6;-45.6,-11.6;-45.2,-11.6;-44.8,-11.6;-44.4,-11.6;-44.0,-11.6;-46.0,-12.0;-45.6,-12.0;-45.2,-12.0;-44.8,-12.0;-44.4,-12.0;-44.0,-12.0;-46.0,-12.4;-45.6,-12.4;-45.2,-12.4;-44.8,-12.4;-44.4,-12.4;-46.0,-12.8;-45.6,-12.8;-45.2,-12.8;-46.0,-13.2;
PSATCOLI;-55.6,-11.2;-55.2,-11.2;-55.6,-11.6;-55.2,-11.6;-56.0,-12.0;-55.6,-12.0;-56.0,-12.4;-55.6,-12.4;-56.4,-12.8;-56.0,-12.8;-55.6,-12.8;-56.0,-13.2;-55.6,-13.2;-56.0,-13.6;-55.6,-13.6;-55.2,-13.6;-55.6,-14.0;-55.2,-14.0;-54.8,-14.0;-54.8,-14.4;-54.4,-14.4;-54.0,-14.4;
PSATSAEL;-56.8,-9.2;-55.2,-9.2;-54.8,-9.2;-56.8,-9.6;-56.4,-9.6;-56.0,-9.6;-55.6,-9.6;-55.2,-9.6;-54.8,-9.6;-56.4,-10.0;-56.0,-10.0;-55.6,-10.0;-55.2,-10.0;-54.8,-10.0;-54.4,-10.0;-56.4,-10.4;-56.0,-10.4;-55.6,-10.4;-55.2,-10.4;-54.8,-10.4;-54.4,-10.4;-54.0,-10.4;-56.0,-10.8;-55.6,-10.8;-55.2,-10.8;-54.8,-10.8;-56.0,-11.2;
PSATBBO;-47.6,-22.4;-48.4,-22.8;-48.0,-22.8;-47.6,-22.8;-47.2,-22.8;-46.8,-22.8;-46.4,-22.8;-46.0,-22.8;-48.0,-23.2;-47.6,-23.2;-47.2,-23.2;-46.8,-23.2;-46.4,-23.2;-47.6,-23.6;-47.2,-23.6;
PSATESZ;-46.8,-23.6;-46.4,-23.6;-46.0,-23.6;
PSATIBT;-49.2,-22.0;-48.8,-22.0;-48.4,-22.0;-48.0,-22.0;-49.2,-22.4;-48.8,-22.4;-48.4,-22.4;-48.0,-22.4;
PSATNAV;-50.0,-20.8;-50.0,-21.2;-49.6,-21.2;-49.2,-21.2;-50.0,-21.6;-49.6,-21.6;-49.2,-21.6;-48.8,-21.6;-48.4,-21.6;
PSATBTE;-50.8,-14.0;-51.2,-14.4;-50.8,-14.4;-50.4,-14.4;-51.2,-14.8;-50.8,-14.8;-50.4,-14.8;-51.6,-15.2;-51.2,-15.2;-50.8,-15.2;-50.4,-15.2;-53.2,-15.6;-52.8,-15.6;-51.6,-15.6;-51.2,-15.6;-50.8,-15.6;-50.4,-15.6;-53.6,-16.0;-53.2,-16.0;-52.8,-16.0;-52.4,-16.0;-52.0,-16.0;-51.6,-16.0;-51.2,-16.0;-50.8,-16.0;-50.4,-16.0;-53.6,-16.4;-53.2,-16.4;-52.8,-16.4;-52.4,-16.4;-52.0,-16.4;-51.6,-16.4;-51.2,-16.4;-50.8,-16.4;-50.4,-16.4;-53.6,-16.8;-53.2,-16.8;-52.8,-16.8;-52.4,-16.8;-52.0,-16.8;-51.6,-16.8;-51.2,-16.8;-50.8,-16.8;-50.4,-16.8;-53.2,-17.2;-52.8,-17.2;-52.4,-17.2;-53.2,-17.6;-52.8,-17.6;
PSATARAG;-50.8,-8.4;-49.6,-8.4;-49.2,-8.4;-50.8,-8.8;-50.4,-8.8;-50.0,-8.8;-49.6,-8.8;-49.2,-8.8;-48.8,-8.8;-50.8,-9.2;-50.4,-9.2;-50.0,-9.2;-49.6,-9.2;-49.2,-9.2;-48.8,-9.2;-51.2,-9.6;-50.8,-9.6;-50.4,-9.6;-50.0,-9.6;-49.6,-9.6;-49.2,-9.6;-51.2,-10.0;-50.8,-10.0;-50.4,-10.0;-50.0,-10.0;-49.6,-10.0;-49.2,-10.0;-51.6,-10.4;-51.2,-10.4;-50.8,-10.4;-50.4,-10.4;-50.0,-10.4;-49.6,-10.4;-49.2,-10.4;-52.0,-10.8;-51.6,-10.8;-51.2,-10.8;-50.8,-10.8;-50.4,-10.8;-50.0,-10.8;-49.6,-10.8;-49.2,-10.8;-52.0,-11.2;-51.6,-11.2;-51.2,-11.2;-50.8,-11.2;-50.4,-11.2;-50.0,-11.2;-49.6,-11.2;-49.2,-11.2;-51.6,-11.6;-51.2,-11.6;-50.8,-11.6;-50.4,-11.6;-50.0,-11.6;-49.6,-11.6;-49.2,-11.6;-51.6,-12.0;-51.2,-12.0;-50.8,-12.0;-50.4,-12.0;-50.0,-12.0;-49.6,-12.0;-51.6,-12.4;-51.2,-12.4;-50.8,-12.4;-50.4,-12.4;-50.0,-12.4;-49.6,-12.4;-49.2,-12.4;-51.6,-12.8;-51.2,-12.8;-50.8,-12.8;-50.4,-12.8;-50.0,-12.8;-49.6,-12.8;-49.2,-12.8;-51.6,-13.2;-51.2,-13.2;-50.8,-13.2;-50.4,-13.2;-50.0,-13.2;-49.6,-13.2;-51.6,-13.6;-51.2,-13.6;-50.8,-13.6;-50.4,-13.6;-50.0,-13.6;-49.6,-13.6;-52.0,-14.0;-51.6,-14.0;-51.2,-14.0;-50.4,-14.0;-50.0,-14.0;-49.6,-14.0;-49.2,-14.0;-52.8,-14.4;-52.4,-14.4;-52.0,-14.4;-51.6,-14.4;-50.0,-14.4;-49.6,-14.4;-53.6,-14.8;-53.2,-14.8;-52.8,-14.8;-52.4,-14.8;-52.0,-14.8;-51.6,-14.8;-50.0,-14.8;-54.8,-15.2;-54.4,-15.2;-54.0,-15.2;-53.6,-15.2;-53.2,-15.2;-52.8,-15.2;-52.4,-15.2;-52.0,-15.2;-55.2,-15.6;-54.0,-15.6;-53.6,-15.6;-52.4,-15.6;-52.0,-15.6;
PSATLAJ;-48.8,-10.0;-48.4,-10.0;-48.8,-10.4;-48.4,-10.4;-48.8,-10.8;-48.4,-10.8;-48.0,-10.8;-48.8,-11.2;-48.4,-11.2;-48.0,-11.2;-46.8,-11.2;-48.8,-11.6;-48.4,-11.6;-48.0,-11.6;-47.6,-11.6;-47.2,-11.6;-46.8,-11.6;-46.4,-11.6;-49.2,-12.0;-48.8,-12.0;-48.4,-12.0;-48.0,-12.0;-47.6,-12.0;-47.2,-12.0;-46.8,-12.0;-46.4,-12.0;-48.8,-12.4;-48.4,-12.4;-48.0,-12.4;-47.6,-12.4;-47.2,-12.4;-46.8,-12.4;-46.4,-12.4;-48.8,-12.8;-48.4,-12.8;-48.0,-12.8;-47.6,-12.8;-47.2,-12.8;-46.8,-12.8;-46.4,-12.8;-49.2,-13.2;-48.8,-13.2;-48.4,-13.2;-48.0,-13.2;-47.6,-13.2;-47.2,-13.2;-46.8,-13.2;-46.4,-13.2;-49.2,-13.6;-48.8,-13.6;-48.4,-13.6;-48.0,-13.6;-47.6,-13.6;-47.2,-13.6;-46.8,-13.6;-46.4,-13.6;-48.0,-14.0;-47.6,-14.0;-47.2,-14.0;-46.8,-14.0;-46.4,-14.0;-47.2,-14.4;-46.8,-14.4;-46.4,-14.4;-46.0,-14.4;-47.2,-14.8;-46.8,-14.8;-47.2,-15.2;
PSATPTRL;-47.6,-9.2;-47.2,-9.2;-48.0,-9.6;-47.6,-9.6;-47.2,-9.6;-46.8,-9.6;-48.0,-10.0;-47.6,-10.0;-47.2,-10.0;-46.8,-10.0;-48.0,-10.4;-47.6,-10.4;-47.2,-10.4;-46.8,-10.4;-46.4,-10.4;-46.0,-10.4;-47.6,-10.8;-47.2,-10.8;-46.8,-10.8;-46.4,-10.8;-47.6,-11.2;-47.2,-11.2;
PSATLJET;-47.6,-6.8;-47.2,-6.8;-46.8,-6.8;-48.0,-7.2;-47.6,-7.2;-47.2,-7.2;-46.8,-7.2;-48.4,-7.6;-48.0,-7.6;-47.6,-7.6;-47.2,-7.6;-46.8,-7.6;-48.4,-8.0;-48.0,-8.0;-47.6,-8.0;-47.2,-8.0;-46.8,-8.0;-48.4,-8.4;-48.0,-8.4;-47.6,-8.4;-47.2,-8.4;-46.8,-8.4;-48.4,-8.8;-48.0,-8.8;-47.6,-8.8;-47.2,-8.8;-48.4,-9.2;-48.0,-9.2;-48.8,-9.6;-48.4,-9.6;
PSATUCR;-50.0,-4.0;-49.6,-4.0;-50.0,-4.4;-49.6,-4.4;-50.0,-4.8;-49.6,-4.8;-49.2,-4.8;-48.8,-4.8;-50.4,-5.2;-50.0,-5.2;-49.6,-5.2;-49.2,-5.2;-48.8,-5.2;-48.4,-5.2;-48.0,-5.2;-47.6,-5.2;-50.8,-5.6;-50.4,-5.6;-50.0,-5.6;-49.6,-5.6;-49.2,-5.6;-48.8,-5.6;-48.4,-5.6;-48.0,-5.6;-47.6,-5.6;-47.2,-5.6;-51.2,-6.0;-50.8,-6.0;-50.4,-6.0;-50.0,-6.0;-49.6,-6.0;-49.2,-6.0;-48.8,-6.0;-48.4,-6.0;-48.0,-6.0;-47.6,-6.0;-47.2,-6.0;-46.8,-6.0;-50.8,-6.4;-50.4,-6.4;-50.0,-6.4;-49.6,-6.4;-49.2,-6.4;-48.8,-6.4;-48.4,-6.4;-48.0,-6.4;-47.6,-6.4;-47.2,-6.4;-46.8,-6.4;-50.8,-6.8;-50.4,-6.8;-50.0,-6.8;-49.6,-6.8;-49.2,-6.8;-48.8,-6.8;-48.4,-6.8;-48.0,-6.8;-50.4,-7.2;-50.0,-7.2;-49.6,-7.2;-49.2,-7.2;-48.8,-7.2;-48.4,-7.2;-50.0,-7.6;-49.6,-7.6;-49.2,-7.6;-48.8,-7.6;-50.4,-8.0;-50.0,-8.0;-49.6,-8.0;-49.2,-8.0;-48.8,-8.0;-50.4,-8.4;-50.0,-8.4;-48.8,-8.4;
PSATSME;-48.8,-14.0;-48.4,-14.0;-49.2,-14.4;-48.8,-14.4;-48.4,-14.4;-48.0,-14.4;-47.6,-14.4;-49.6,-14.8;-49.2,-14.8;-48.8,-14.8;-48.4,-14.8;-48.0,-14.8;-47.6,-14.8;-50.0,-15.2;-49.6,-15.2;-49.2,-15.2;-48.8,-15.2;-48.4,-15.2;-48.0,-15.2;-47.6,-15.2;-50.0,-15.6;-49.6,-15.6;-49.2,-15.6;-48.8,-15.6;-48.4,-15.6;-50.0,-16.0;-49.6,-16.0;-49.2,-16.0;
PSATBGR;-51.2,-28.0;-50.8,-28.0;-50.4,-28.0;-50.0,-28.0;-50.8,-28.4;-50.4,-28.4;-50.0,-28.4;-49.6,-28.4;
PSATCNV;-50.8,-27.2;-50.4,-27.2;-51.2,-27.6;-50.8,-27.6;-50.4,-27.6;-50.0,-27.6;-49.6,-28.0;
PSATFCH;-52.8,-27.2;-52.4,-27.2;
PSATITA;-51.2,-26.8;-50.8,-26.8;-52.0,-27.2;-51.6,-27.2;-51.2,-27.2;-52.0,-27.6;-52.0,-28.0;
PSATMCD;-51.6,-27.6;-51.6,-28.0;
PSATMOJ;-52.8,-27.6;-52.4,-28.0;
PSATPSJ;-54.4,-28.4;-54.0,-28.4;-53.6,-28.4;-54.0,-28.8;
PSATBSOR;-53.2,-6.8;-52.0,-6.8;-53.2,-7.2;-52.8,-7.2;-52.4,-7.2;-52.0,-7.2;-52.8,-7.6;-52.4,-7.6;-52.8,-8.0;-52.4,-8.0;-52.8,-8.4;-52.4,-8.4;-52.8,-8.8;-52.4,-8.8;-52.0,-8.8;-52.8,-9.2;-52.4,-9.2;-52.0,-9.2;-51.6,-9.2;-52.8,-9.6;-52.4,-9.6;-52.0,-9.6;-51.6,-9.6;-53.2,-10.0;-52.8,-10.0;-52.4,-10.0;-52.0,-10.0;-51.6,-10.0;-53.6,-10.4;-53.2,-10.4;-52.8,-10.4;-52.4,-10.4;-52.0,-10.4;-54.4,-10.8;-54.0,-10.8;-53.6,-10.8;-53.2,-10.8;-52.8,-10.8;-52.4,-10.8;-54.8,-11.2;-54.4,-11.2;-54.0,-11.2;-53.6,-11.2;-53.2,-11.2;-52.8,-11.2;-52.4,-11.2;-54.8,-11.6;-54.4,-11.6;-54.0,-11.6;-53.6,-11.6;-53.2,-11.6;-52.8,-11.6;-52.4,-11.6;-52.0,-11.6;-55.2,-12.0;-54.8,-12.0;-54.4,-12.0;-54.0,-12.0;-53.6,-12.0;-53.2,-12.0;-52.8,-12.0;-52.4,-12.0;-52.0,-12.0;-55.2,-12.4;-54.8,-12.4;-54.4,-12.4;-54.0,-12.4;-53.6,-12.4;-53.2,-12.4;-52.8,-12.4;-52.4,-12.4;-52.0,-12.4;-55.2,-12.8;-54.8,-12.8;-54.4,-12.8;-54.0,-12.8;-53.6,-12.8;-53.2,-12.8;-52.8,-12.8;-52.4,-12.8;-52.0,-12.8;-55.2,-13.2;-54.8,-13.2;-54.4,-13.2;-54.0,-13.2;-53.6,-13.2;-53.2,-13.2;-52.8,-13.2;-52.4,-13.2;-52.0,-13.2;-54.8,-13.6;-54.4,-13.6;-54.0,-13.6;-53.6,-13.6;-53.2,-13.6;-52.8,-13.6;-52.4,-13.6;-52.0,-13.6;-54.4,-14.0;-54.0,-14.0;-53.6,-14.0;-53.2,-14.0;-52.8,-14.0;-52.4,-14.0;-53.6,-14.4;-53.2,-14.4;-54.4,-14.8;-54.0,-14.8;
PSATBESP;-51.2,-6.4;-51.6,-6.8;-51.2,-6.8;-51.6,-7.2;-51.2,-7.2;-50.8,-7.2;-52.0,-7.6;-51.6,-7.6;-51.2,-7.6;-50.8,-7.6;-50.4,-7.6;-52.0,-8.0;-51.6,-8.0;-51.2,-8.0;-50.8,-8.0;-52.0,-8.4;-51.6,-8.4;-51.2,-8.4;-51.6,-8.8;-51.2,-8.8;-51.2,-9.2;
PSATPIME;-52.4,-3.2;-52.0,-3.2;-51.6,-3.2;-52.8,-3.6;-52.4,-3.6;-52.0,-3.6;-51.6,-3.6;-53.2,-4.0;-52.8,-4.0;-52.4,-4.0;-52.0,-4.0;-51.6,-4.0;-54.4,-4.4;-54.0,-4.4;-53.6,-4.4;-53.2,-4.4;-52.8,-4.4;-52.4,-4.4;-52.0,-4.4;-51.6,-4.4;-51.2,-4.4;-55.2,-4.8;-54.8,-4.8;-54.4,-4.8;-54.0,-4.8;-53.6,-4.8;-53.2,-4.8;-52.8,-4.8;-52.4,-4.8;-52.0,-4.8;-51.6,-4.8;-51.2,-4.8;-55.2,-5.2;-54.8,-5.2;-54.4,-5.2;-54.0,-5.2;-53.6,-5.2;-53.2,-5.2;-52.8,-5.2;-52.4,-5.2;-52.0,-5.2;-51.6,-5.2;-51.2,-5.2;-50.8,-5.2;-55.2,-5.6;-54.8,-5.6;-54.4,-5.6;-54.0,-5.6;-53.6,-5.6;-53.2,-5.6;-52.8,-5.6;-52.4,-5.6;-52.0,-5.6;-51.6,-5.6;-51.2,-5.6;-54.8,-6.0;-54.4,-6.0;-54.0,-6.0;-53.6,-6.0;-53.2,-6.0;-52.8,-6.0;-52.4,-6.0;-52.0,-6.0;-51.6,-6.0;-55.2,-6.4;-54.8,-6.4;-54.4,-6.4;-54.0,-6.4;-53.6,-6.4;-53.2,-6.4;-52.8,-6.4;-52.4,-6.4;-52.0,-6.4;-51.6,-6.4;-55.2,-6.8;-54.8,-6.8;-54.4,-6.8;-54.0,-6.8;-53.6,-6.8;-52.8,-6.8;-52.4,-6.8;-55.2,-7.2;-54.8,-7.2;-54.4,-7.2;-54.0,-7.2;-53.6,-7.2;-54.8,-7.6;-54.4,-7.6;-54.0,-7.6;-53.6,-7.6;-53.2,-7.6;-54.8,-8.0;-54.4,-8.0;-54.0,-8.0;-53.6,-8.0;-53.2,-8.0;-54.8,-8.4;-54.4,-8.4;-54.0,-8.4;-53.6,-8.4;-53.2,-8.4;-55.2,-8.8;-54.8,-8.8;-54.4,-8.8;-54.0,-8.8;-53.6,-8.8;-53.2,-8.8;-54.4,-9.2;-54.0,-9.2;-53.6,-9.2;-53.2,-9.2;-54.4,-9.6;-54.0,-9.6;-53.6,-9.6;-53.2,-9.6;-54.0,-10.0;-53.6,-10.0;
PSATGUAP;-58.8,-14.8;
PSATCVCH;-49.2,-25.2;-48.8,-25.2;
PSATROSA;-42.0,-20.8;-42.0,-20.4;-41.6,-20.8;-41.6,-20.4;
PSATJAU;-58.0,-15.2;-58.0,-14.8;-58.4,-14.8;-58.4,-14.4;
PSATQQX;-52.4,26.8;-52.0,26.8;-51.6,26.8;-52.4,26.4;-52.0,26.4;-51.6,26.4;
PSATSBR;-44.8,-22.8;-45.6,-23.2;-45.2,-23.2;-45.6,-23.6;
PSATJAG;-46.0,-23.2;
PSATFUNI;-44.8,-22.4;-45.6,-22.8;-45.2,-22.8;-46.0,-23.2;
PSATSACE;-44.4,-22.4;-44.0,-22.4;
PSATPIC;-44.0,-22.0;
PSATSOGI;-43.6,-21.6;-43.6,-22.0;
PSATIPSI;-44.0,-22.0;-43.2,-22.0;-42.8,-22.0;-43.6,-22.4;-43.2,-22.4;
PSATTCLJ;-44.0,-22.8;
PSATBRAU;-43.2,-21.2;-42.8,-21.2;-43.2,-21.6;-42.8,-21.6;
PSATSUIC;-40.8,-20.0;
