PSATCAN;-43.5,-20.5;-43.0,-20.5;-43.5,-21.0;
PSATSAC;-43.5,-20.0;-43.0,-20.0;
PSATPES;-43.5,-19.0;-43.0,-19.0;-43.5,-19.5;-43.0,-19.5;
PSATMAS;-42.5,-18.0;-42.0,-18.0;-43.0,-18.5;-42.5,-18.5;-42.0,-18.5;-42.5,-19.0;-42.0,-19.0;-41.5,-19.0;-42.5,-19.5;-42.0,-19.5;-41.5,-19.5;-41.0,-19.5;-42.5,-20.0;-42.0,-20.0;-41.5,-20.0;-41.0,-20.0;-42.5,-20.5;
PSATAGV;-49.5,-19.5;-49.0,-19.5;-50.0,-20.0;-49.5,-20.0;-49.5,-20.5;-49.0,-21.0;
PSATCMG;-44.5,-21.5;-44.0,-21.5;-44.5,-22.0;
PSATCES;-48.0,-20.5;-47.5,-20.5;-47.0,-21.0;
PSATELC;-46.5,-21.5;-46.5,-22.0;
PSATFUN;-45.0,-21.0;-44.5,-21.0;-44.0,-21.0;
PSATFUR;-45.5,-20.5;-46.0,-21.0;-45.5,-21.0;-46.0,-21.5;-45.5,-21.5;-45.0,-21.5;-46.0,-22.0;
PSATMRB;-49.0,-20.0;-49.0,-20.5;-48.5,-20.5;-48.5,-21.0;-48.0,-21.0;-47.5,-21.0;-47.5,-21.5;-47.0,-21.5;
PSATPRG;-45.5,-22.0;-46.0,-22.5;-45.5,-22.5;
PSATPAS;-48.0,-21.5;-47.5,-22.0;-47.0,-22.0;-46.5,-22.5;
PSATPTB;-45.0,-22.0;
PSATPTC;-48.5,-20.0;-48.0,-20.0;-47.5,-20.0;-47.0,-20.5;-46.5,-20.5;-46.5,-21.0;
PSATFZA;-51.5,-26.0;-51.0,-26.0;
PSATJSG;-52.0,-26.0;-51.5,-26.5;
PSATSCX;-53.0,-25.5;-52.5,-25.5;-52.0,-25.5;-53.0,-26.0;-52.5,-26.0;-52.0,-26.5;
PSATSCL;-51.5,-25.5;
PSATUVT;-49.5,-25.5;-49.0,-25.5;-50.5,-26.0;-50.0,-26.0;-49.5,-26.0;-49.0,-26.0;-51.0,-26.5;-50.5,-26.5;-49.5,-26.5;
PSATBIGU;-53.5,-25.0;-53.5,-25.5;-53.0,-25.5;-52.5,-25.5;-52.0,-25.5;-53.5,-26.0;-53.0,-26.0;-52.5,-26.0;-52.0,-26.5;
PSATBSM;-53.0,-24.0;-53.5,-24.5;-53.0,-24.5;-52.5,-24.5;-53.0,-25.0;-52.5,-25.0;-52.0,-25.0;
PSATFLE;-55.5,-23.0;-55.0,-23.0;-55.5,-23.5;-55.0,-23.5;
PSATITP;-54.0,-22.5;-53.5,-22.5;-53.0,-22.5;-54.5,-23.0;-54.0,-23.0;-53.5,-23.0;-54.5,-23.5;-54.0,-23.5;-53.5,-23.5;-55.0,-24.0;-54.5,-24.0;-54.0,-24.0;-53.5,-24.0;-55.0,-24.5;-54.5,-24.5;-54.0,-24.5;-54.5,-25.0;-54.0,-25.0;
PSATIVM;-55.0,-21.0;-55.5,-21.5;-55.0,-21.5;-54.5,-21.5;-55.5,-22.0;-55.0,-22.0;-54.5,-22.0;-54.0,-22.0;-53.5,-22.0;-55.5,-22.5;-55.0,-22.5;-54.5,-22.5;
PSATPTQ;-53.0,-23.0;-52.5,-23.0;-53.0,-23.5;-52.5,-23.5;-52.0,-23.5;-52.5,-24.0;-52.0,-24.0;-51.5,-24.0;-52.0,-24.5;-51.5,-24.5;-51.0,-24.5;-51.5,-25.0;-51.0,-25.0;-51.0,-25.5;
PSATAMY;-72.0,-11.0;-71.5,-11.0;-72.0,-11.5;-71.5,-11.5;-71.0,-11.5;-70.5,-11.5;-72.0,-12.0;-71.5,-12.0;-71.0,-12.0;-70.5,-12.0;-70.0,-12.0;-69.5,-12.0;-72.0,-12.5;-71.5,-12.5;-71.0,-12.5;-70.5,-12.5;-70.0,-12.5;-69.5,-12.5;-71.5,-13.0;-71.0,-13.0;-70.5,-13.0;-70.0,-13.0;-69.5,-13.0;-71.0,-13.5;-70.5,-13.5;-70.0,-13.5;-69.5,-13.5;-70.5,-14.0;-70.0,-14.0;-69.5,-14.0;-69.0,-14.0;-69.5,-14.5;-69.0,-14.5;
PSATGJR;-65.0,-11.0;-64.5,-11.0;-64.0,-11.0;-65.5,-11.5;-65.0,-11.5;-64.5,-11.5;-64.0,-11.5;-63.5,-11.5;-65.0,-12.0;-64.5,-12.0;-65.0,-12.5;-66.0,-13.0;-65.5,-13.0;-65.0,-13.0;-66.0,-13.5;-65.5,-13.5;-67.0,-14.0;-66.5,-14.0;-66.0,-14.0;-65.5,-14.0;-67.0,-14.5;-66.5,-14.5;-66.0,-14.5;-65.5,-14.5;-65.0,-14.5;-67.0,-15.0;-66.5,-15.0;-66.0,-15.0;-65.5,-15.0;-65.0,-15.0;-64.5,-15.0;-67.0,-15.5;-66.5,-15.5;-66.0,-15.5;-65.5,-15.5;-65.0,-15.5;-64.5,-15.5;-64.0,-15.5;-66.5,-16.0;-66.0,-16.0;-65.5,-16.0;-65.0,-16.0;-64.5,-16.0;-64.0,-16.0;-63.5,-16.0;-66.0,-16.5;-65.5,-16.5;-65.0,-16.5;-64.5,-16.5;-64.0,-16.5;-63.5,-16.5;-63.0,-16.5;-62.5,-16.5;-62.0,-16.5;-61.5,-16.5;-66.0,-17.0;-65.5,-17.0;-65.0,-17.0;-64.5,-17.0;-64.0,-17.0;-63.5,-17.0;-63.0,-17.0;-62.5,-17.0;-62.0,-17.0;-61.5,-17.0;-61.0,-17.0;-60.5,-17.0;-66.5,-17.5;-66.0,-17.5;-65.5,-17.5;-65.0,-17.5;-64.5,-17.5;-64.0,-17.5;-63.5,-17.5;-63.0,-17.5;-62.5,-17.5;-62.0,-17.5;-61.5,-17.5;-61.0,-17.5;-60.5,-17.5;-66.5,-18.0;-66.0,-18.0;-65.5,-18.0;-65.0,-18.0;-64.5,-18.0;-64.0,-18.0;-63.5,-18.0;-63.0,-18.0;-62.5,-18.0;-62.0,-18.0;-61.5,-18.0;-61.0,-18.0;-60.5,-18.0;-66.5,-18.5;-66.0,-18.5;-65.5,-18.5;-65.0,-18.5;-64.5,-18.5;-64.0,-18.5;-63.5,-18.5;-63.0,-18.5;-62.5,-18.5;-62.0,-18.5;-61.5,-18.5;-61.0,-18.5;-60.5,-18.5;-65.0,-19.0;-64.5,-19.0;-64.0,-19.0;-63.5,-19.0;-63.0,-19.0;-62.5,-19.0;-62.0,-19.0;-64.5,-19.5;-64.0,-19.5;-63.5,-19.5;-63.0,-19.5;-62.5,-19.5;-64.5,-20.0;-64.0,-20.0;-63.5,-20.0;-63.0,-20.0;
PSATPRNC;-63.0,-11.5;-64.0,-12.0;-63.5,-12.0;-63.0,-12.0;-62.5,-12.0;-62.0,-12.0;-64.5,-12.5;-64.0,-12.5;-63.5,-12.5;-63.0,-12.5;-62.5,-12.5;-62.0,-12.5;-61.5,-12.5;-64.5,-13.0;-64.0,-13.0;-63.5,-13.0;-63.0,-13.0;-62.5,-13.0;-62.0,-13.0;-61.5,-13.0;-61.0,-13.0;-60.5,-13.0;-65.0,-13.5;-64.5,-13.5;-64.0,-13.5;-63.5,-13.5;-63.0,-13.5;-62.5,-13.5;-62.0,-13.5;-61.5,-13.5;-61.0,-13.5;-60.5,-13.5;-60.0,-13.5;-65.0,-14.0;-64.5,-14.0;-64.0,-14.0;-63.5,-14.0;-63.0,-14.0;-62.5,-14.0;-62.0,-14.0;-61.5,-14.0;-61.0,-14.0;-60.5,-14.0;-60.0,-14.0;-59.5,-14.0;-64.5,-14.5;-64.0,-14.5;-63.5,-14.5;-63.0,-14.5;-62.5,-14.5;-62.0,-14.5;-61.5,-14.5;-61.0,-14.5;-60.5,-14.5;-60.0,-14.5;-59.5,-14.5;-64.0,-15.0;-63.5,-15.0;-63.0,-15.0;-62.5,-15.0;-62.0,-15.0;-61.5,-15.0;-61.0,-15.0;-60.5,-15.0;-60.0,-15.0;-59.5,-15.0;-63.5,-15.5;-63.0,-15.5;-62.5,-15.5;-62.0,-15.5;-61.5,-15.5;-61.0,-15.5;-60.5,-15.5;-60.0,-15.5;-59.5,-15.5;-63.0,-16.0;-62.5,-16.0;-62.0,-16.0;-61.5,-16.0;-61.0,-16.0;-60.5,-16.0;-60.0,-16.0;-59.5,-16.0;-61.0,-16.5;
PSATSANT;-64.0,-9.0;-64.0,-9.5;-64.5,-10.0;-64.0,-10.0;-64.5,-10.5;-64.0,-10.5;
PSATDARD;-59.5,-10.5;-59.0,-10.5;-59.5,-11.0;-59.0,-11.0;-59.5,-11.5;-59.0,-11.5;
PSATGUAP;-59.0,-15.0;
PSATJIRA;-66.0,-9.5;-65.5,-9.5;-65.0,-9.5;-64.5,-9.5;-66.5,-10.0;-66.0,-10.0;-65.5,-10.0;-65.0,-10.0;-67.5,-10.5;-67.0,-10.5;-66.5,-10.5;-66.0,-10.5;-65.5,-10.5;-65.0,-10.5;-71.0,-11.0;-68.5,-11.0;-68.0,-11.0;-67.5,-11.0;-67.0,-11.0;-66.5,-11.0;-66.0,-11.0;-65.5,-11.0;-70.0,-11.5;-69.5,-11.5;-69.0,-11.5;-68.5,-11.5;-68.0,-11.5;-67.5,-11.5;-67.0,-11.5;-66.5,-11.5;-66.0,-11.5;-69.0,-12.0;-68.5,-12.0;-68.0,-12.0;-67.5,-12.0;-67.0,-12.0;-66.5,-12.0;-66.0,-12.0;-65.5,-12.0;-69.0,-12.5;-68.5,-12.5;-68.0,-12.5;-67.5,-12.5;-67.0,-12.5;-66.5,-12.5;-66.0,-12.5;-65.5,-12.5;-69.0,-13.0;-68.5,-13.0;-68.0,-13.0;-67.5,-13.0;-67.0,-13.0;-66.5,-13.0;-69.0,-13.5;-68.5,-13.5;-68.0,-13.5;-67.5,-13.5;-67.0,-13.5;-66.5,-13.5;-68.5,-14.0;-68.0,-14.0;-67.5,-14.0;-68.5,-14.5;-68.0,-14.5;-67.5,-14.5;-69.0,-15.0;-68.5,-15.0;-68.0,-15.0;-67.5,-15.0;-69.0,-15.5;-68.5,-15.5;-68.0,-15.5;-67.5,-15.5;-68.0,-16.0;-67.5,-16.0;-67.0,-16.0;-68.0,-16.5;-67.5,-16.5;-67.0,-16.5;-66.5,-16.5;-67.5,-17.0;-67.0,-17.0;-66.5,-17.0;
PSATROND;-60.5,-12.0;-60.5,-12.5;
PSATSAMU;-63.0,-9.5;-63.0,-10.0;-63.5,-10.5;-63.0,-10.5;-63.5,-11.0;
PSATXIVJ;-51.5,-28.5;-51.5,-29.0;
PSATDFRC;-53.5,-29.0;-53.0,-29.0;
PSATREAL;-53.0,-28.5;
PSATCTAV;-51.0,-28.5;-51.0,-29.0;-50.5,-29.0;-50.0,-29.0;
PSATERNT;-52.0,-28.0;-52.5,-28.5;
PSATSTPL;-50.0,-27.0;-49.5,-27.5;
PSATCVCH;-49.0,-25.0;
PSATBALB;-59.5,-0.5;-60.5,-1.0;-60.0,-1.0;-59.5,-1.0;-60.0,-1.5;-59.5,-1.5;
PSATCUNA;-55.0,-3.0;-54.5,-3.0;-55.0,-3.5;-54.5,-3.5;-54.5,-4.0;
PSATJARI;-54.5,2.0;-54.0,2.0;-53.5,2.0;-54.5,1.5;-54.0,1.5;-53.5,1.5;-53.0,1.5;-54.0,1.0;-53.5,1.0;-53.0,1.0;-53.5,0.5;-53.0,0.5;-52.5,0.5;-53.5,0.0;-53.0,0.0;-52.5,0.0;-53.0,-0.5;-52.5,-0.5;
PSATFGOM;-52.5,2.0;-52.0,2.0;-52.5,1.5;-52.0,1.5;-51.5,1.5;-52.5,1.0;-52.0,1.0;-51.5,1.0;
PSATIRAP;-43.0,-16.5;-43.5,-17.0;-43.0,-17.0;-43.5,-17.5;-43.5,-18.0;-43.5,-18.5;
PSATITBI;-42.5,-16.0;-42.0,-16.0;-41.5,-16.0;-41.0,-16.0;-40.5,-16.0;-40.0,-16.0;-42.5,-16.5;-42.0,-16.5;-41.5,-16.5;-41.0,-16.5;-40.5,-16.5;-42.5,-17.0;-42.0,-17.0;-41.5,-17.0;-43.0,-17.5;-42.5,-17.5;-42.0,-17.5;-43.0,-18.0;
PSATUBE;-46.0,-7.0;-45.5,-7.0;-45.0,-7.0;-44.5,-7.0;-46.5,-7.5;-46.0,-7.5;-45.5,-7.5;-45.0,-7.5;-44.5,-7.5;-46.0,-8.0;-45.5,-8.0;-45.0,-8.0;-44.5,-8.0;-46.5,-8.5;-46.0,-8.5;-45.5,-8.5;-45.0,-8.5;-44.5,-8.5;-47.0,-9.0;-46.5,-9.0;-46.0,-9.0;-45.5,-9.0;-45.0,-9.0;-46.5,-9.5;-46.0,-9.5;-45.5,-9.5;-46.0,-10.0;-45.5,-10.0;
PSATPDC;-41.0,-11.5;-40.5,-11.5;-40.0,-11.5;-39.5,-11.5;-41.5,-12.0;-41.0,-12.0;-40.5,-12.0;-40.0,-12.0;-39.5,-12.0;-41.5,-12.5;-41.0,-12.5;-40.5,-12.5;-40.0,-12.5;-39.5,-12.5;-39.0,-12.5;-41.5,-13.0;-41.0,-13.0;-40.5,-13.0;
PSATSTCL;-41.0,-17.0;-41.5,-17.5;-41.0,-17.5;-40.5,-17.5;-41.5,-18.0;
PSATROSA;-42.0,-20.5;
PSATITQ;-54.0,-17.0;-53.5,-17.0;
PSATJAU;-58.5,-14.5;
PSATMAN;-55.5,-15.0;-55.0,-15.0;-55.5,-15.5;
PSATPTP;-54.5,-17.5;-54.0,-17.5;
PSATESP;-53.0,-18.0;-52.0,-18.5;
PSATSRC;-52.5,-17.5;-52.5,-18.0;-51.5,-18.5;-51.0,-19.0;
PSATFRCL;-52.0,-17.5;-52.0,-18.0;-51.5,-18.0;
PSATISOT;-52.5,-18.5;-52.0,-19.0;-51.5,-19.0;-51.5,-19.5;-51.0,-19.5;-50.5,-19.5;-50.0,-19.5;-51.5,-20.0;-51.0,-20.0;-50.5,-20.0;-51.0,-20.5;-50.5,-20.5;-50.0,-20.5;-51.0,-21.0;-50.5,-21.0;
PSATJUP;-53.0,-18.5;-53.0,-19.0;-52.5,-19.0;-52.5,-19.5;-52.0,-19.5;-52.5,-20.0;-52.0,-20.0;-52.0,-20.5;-51.5,-20.5;
PSATSDG;-53.5,-19.0;-53.5,-19.5;-53.5,-20.0;
PSATFZBT;-54.0,-20.0;-54.5,-20.5;-54.0,-20.5;-53.5,-20.5;-54.5,-21.0;-54.0,-21.0;-53.5,-21.0;-53.0,-21.0;-54.0,-21.5;-53.5,-21.5;-53.0,-21.5;
PSATPPRA;-53.0,-20.0;-53.0,-20.5;-52.5,-20.5;-52.5,-21.0;-52.0,-21.0;-51.5,-21.0;-52.5,-21.5;-52.0,-21.5;-51.5,-21.5;-51.0,-21.5;-50.5,-21.5;-53.0,-22.0;-52.5,-22.0;-52.0,-22.0;-51.5,-22.0;-51.0,-22.0;-50.5,-22.0;-50.0,-22.0;
PSATCBI;-47.5,-15.5;-48.5,-16.5;-48.0,-16.5;-48.5,-17.0;-48.0,-17.0;-48.5,-17.5;-48.5,-18.0;
PSATCBIV;-48.5,-16.0;-48.0,-16.0;
PSATEMB;-47.5,-18.0;-47.5,-18.5;-47.0,-18.5;-46.5,-18.5;-46.5,-19.0;
PSATIMBR;-49.0,-17.5;-48.0,-17.5;-49.0,-18.0;-48.0,-18.0;-49.0,-18.5;-48.5,-18.5;-48.0,-18.5;-48.0,-19.0;
PSATNPTE;-47.5,-19.0;-47.0,-19.0;-47.5,-19.5;-47.0,-19.5;-46.5,-19.5;-47.0,-20.0;
PSATARV;-50.0,-16.5;-49.5,-16.5;-51.0,-17.0;-50.5,-17.0;-50.0,-17.0;-49.5,-17.0;-51.5,-17.5;-51.0,-17.5;-50.5,-17.5;-50.0,-17.5;-49.5,-17.5;-51.0,-18.0;-50.5,-18.0;
PSATSFC;-47.5,-16.5;-47.5,-17.0;-47.5,-17.5;
PSATSSM;-49.0,-16.5;-49.0,-17.0;-50.0,-18.0;-49.5,-18.0;-51.0,-18.5;-50.5,-18.5;-50.0,-18.5;-49.5,-18.5;-50.5,-19.0;-50.0,-19.0;-49.5,-19.0;-49.0,-19.0;-48.5,-19.0;-49.0,-19.5;-48.5,-19.5;-48.0,-19.5;
PSATCNI;-50.0,-22.5;-49.5,-22.5;-50.0,-23.0;-49.5,-23.0;-49.0,-23.0;-48.5,-23.0;
PSATCPV;-51.0,-22.5;-50.5,-22.5;-51.0,-23.0;-50.5,-23.0;-51.0,-23.5;-50.5,-23.5;-50.0,-23.5;-51.0,-24.0;-50.5,-24.0;-50.0,-24.0;
PSATCHT;-49.5,-23.5;-49.5,-24.0;-49.5,-24.5;
PSATJUR;-49.0,-23.5;-48.5,-23.5;-49.0,-24.0;-48.5,-24.0;-48.0,-24.0;
PSATMAU;-50.5,-24.5;-50.0,-24.5;-50.5,-25.0;-50.0,-25.0;-50.5,-25.5;-50.0,-25.5;
PSATROS;-52.5,-22.5;-52.0,-22.5;-51.5,-22.5;-52.0,-23.0;-51.5,-23.0;-51.5,-23.5;
PSATQMD;-47.5,-16.0;
PSATRBX;-44.5,-19.5;-44.5,-20.0;-44.0,-20.5;
PSATSFR;-46.5,-15.0;-46.0,-15.0;-47.0,-15.5;-46.5,-15.5;-46.0,-15.5;-45.5,-15.5;-46.5,-16.0;-46.0,-16.0;-45.5,-16.0;-45.0,-16.0;-46.0,-16.5;-45.5,-16.5;
PSATSRM;-47.0,-16.0;-47.0,-16.5;-46.5,-16.5;-45.0,-16.5;-44.5,-16.5;-44.0,-16.5;-47.0,-17.0;-46.5,-17.0;-46.0,-17.0;-45.5,-17.0;-45.0,-17.0;-44.5,-17.0;-44.0,-17.0;-47.0,-17.5;-46.5,-17.5;-46.0,-17.5;-45.5,-17.5;-45.0,-17.5;-44.5,-17.5;-44.0,-17.5;-47.0,-18.0;-46.5,-18.0;-46.0,-18.0;-45.5,-18.0;-45.0,-18.0;-44.5,-18.0;-44.0,-18.0;-46.0,-18.5;-44.5,-18.5;-44.0,-18.5;-46.0,-19.0;-44.0,-19.0;-44.0,-19.5;-44.0,-20.0;
PSATTMR;-45.5,-18.5;-45.0,-18.5;-45.5,-19.0;-45.0,-19.0;-46.0,-19.5;-45.5,-19.5;-45.0,-19.5;-46.5,-20.0;-46.0,-20.0;-45.5,-20.0;-45.0,-20.0;-46.0,-20.5;-45.0,-20.5;-44.5,-20.5;
PSATBOQ;-45.5,-10.5;-46.0,-11.0;-45.5,-11.0;-45.0,-11.0;-44.5,-11.0;-44.0,-11.0;-46.5,-11.5;-46.0,-11.5;-45.5,-11.5;-45.0,-11.5;-44.5,-11.5;-44.0,-11.5;-46.0,-12.0;-45.5,-12.0;-45.0,-12.0;-44.5,-12.0;-44.0,-12.0;-46.0,-12.5;-45.5,-12.5;-45.0,-12.5;-44.5,-12.5;-46.0,-13.0;-45.5,-13.0;
PSATCOLI;-55.5,-11.0;-55.5,-11.5;-56.0,-12.0;-55.5,-12.0;-56.0,-12.5;-55.5,-12.5;-56.0,-13.0;-55.5,-13.0;-56.0,-13.5;-55.5,-13.5;-55.5,-14.0;-55.0,-14.0;-55.0,-14.5;-54.5,-14.5;-54.0,-14.5;
PSATSAEL;-56.5,-9.5;-56.0,-9.5;-55.5,-9.5;-55.0,-9.5;-56.5,-10.0;-56.0,-10.0;-55.5,-10.0;-55.0,-10.0;-54.5,-10.0;-56.0,-10.5;-55.5,-10.5;-55.0,-10.5;-54.5,-10.5;-56.5,-11.0;-56.0,-11.0;-55.0,-11.0;
PSATBBO;-48.5,-22.5;-48.0,-22.5;-47.5,-22.5;-47.0,-22.5;-48.0,-23.0;-47.5,-23.0;-47.0,-23.0;-46.5,-23.0;-48.0,-23.5;-47.5,-23.5;-47.0,-23.5;
PSATESZ;-46.5,-23.5;
PSATIBT;-49.0,-22.0;-48.5,-22.0;-48.0,-22.0;-49.0,-22.5;-48.0,-22.5;
PSATNAV;-50.0,-21.0;-49.5,-21.0;-50.0,-21.5;-49.5,-21.5;-49.0,-21.5;-48.5,-21.5;-49.5,-22.0;
PSATBTE;-51.0,-14.5;-50.5,-14.5;-51.5,-15.0;-51.0,-15.0;-50.5,-15.0;-53.0,-15.5;-52.5,-15.5;-51.5,-15.5;-51.0,-15.5;-50.5,-15.5;-53.5,-16.0;-53.0,-16.0;-52.5,-16.0;-52.0,-16.0;-51.5,-16.0;-51.0,-16.0;-50.5,-16.0;-53.5,-16.5;-53.0,-16.5;-52.5,-16.5;-52.0,-16.5;-51.5,-16.5;-51.0,-16.5;-50.5,-16.5;-53.0,-17.0;-52.5,-17.0;-52.0,-17.0;-51.5,-17.0;-53.0,-17.5;
PSATARAG;-50.5,-8.5;-49.5,-8.5;-51.0,-9.0;-50.5,-9.0;-50.0,-9.0;-49.5,-9.0;-49.0,-9.0;-51.0,-9.5;-50.5,-9.5;-50.0,-9.5;-49.5,-9.5;-49.0,-9.5;-51.0,-10.0;-50.5,-10.0;-50.0,-10.0;-49.5,-10.0;-49.0,-10.0;-51.5,-10.5;-51.0,-10.5;-50.5,-10.5;-50.0,-10.5;-49.5,-10.5;-52.0,-11.0;-51.5,-11.0;-51.0,-11.0;-50.5,-11.0;-50.0,-11.0;-49.5,-11.0;-51.5,-11.5;-51.0,-11.5;-50.5,-11.5;-50.0,-11.5;-49.5,-11.5;-49.0,-11.5;-51.5,-12.0;-51.0,-12.0;-50.5,-12.0;-50.0,-12.0;-49.5,-12.0;-51.5,-12.5;-51.0,-12.5;-50.5,-12.5;-50.0,-12.5;-49.5,-12.5;-51.5,-13.0;-51.0,-13.0;-50.5,-13.0;-50.0,-13.0;-49.5,-13.0;-51.5,-13.5;-51.0,-13.5;-50.5,-13.5;-50.0,-13.5;-49.5,-13.5;-52.0,-14.0;-51.5,-14.0;-51.0,-14.0;-50.5,-14.0;-50.0,-14.0;-49.5,-14.0;-52.5,-14.5;-52.0,-14.5;-51.5,-14.5;-50.0,-14.5;-49.5,-14.5;-54.5,-15.0;-54.0,-15.0;-53.5,-15.0;-53.0,-15.0;-52.5,-15.0;-52.0,-15.0;-50.0,-15.0;-55.0,-15.5;-54.5,-15.5;-54.0,-15.5;-53.5,-15.5;-52.0,-15.5;
PSATLAJ;-48.5,-10.0;-49.0,-10.5;-48.5,-10.5;-49.0,-11.0;-48.5,-11.0;-48.0,-11.0;-48.5,-11.5;-48.0,-11.5;-47.5,-11.5;-47.0,-11.5;-49.0,-12.0;-48.5,-12.0;-48.0,-12.0;-47.5,-12.0;-47.0,-12.0;-46.5,-12.0;-49.0,-12.5;-48.5,-12.5;-48.0,-12.5;-47.5,-12.5;-47.0,-12.5;-46.5,-12.5;-49.0,-13.0;-48.5,-13.0;-48.0,-13.0;-47.5,-13.0;-47.0,-13.0;-46.5,-13.0;-49.0,-13.5;-48.5,-13.5;-48.0,-13.5;-47.5,-13.5;-47.0,-13.5;-46.5,-13.5;-49.0,-14.0;-48.0,-14.0;-47.5,-14.0;-47.0,-14.0;-46.5,-14.0;-47.0,-14.5;-46.5,-14.5;-46.0,-14.5;-47.5,-15.0;-47.0,-15.0;
PSATPTRL;-47.5,-9.0;-48.0,-9.5;-47.5,-9.5;-47.0,-9.5;-48.0,-10.0;-47.5,-10.0;-47.0,-10.0;-46.5,-10.0;-48.0,-10.5;-47.5,-10.5;-47.0,-10.5;-46.5,-10.5;-46.0,-10.5;-47.5,-11.0;-47.0,-11.0;-46.5,-11.0;
PSATLJET;-47.5,-7.0;-47.0,-7.0;-46.5,-7.0;-48.0,-7.5;-47.5,-7.5;-47.0,-7.5;-48.5,-8.0;-48.0,-8.0;-47.5,-8.0;-47.0,-8.0;-46.5,-8.0;-48.5,-8.5;-48.0,-8.5;-47.5,-8.5;-47.0,-8.5;-48.5,-9.0;-48.0,-9.0;-48.5,-9.5;
PSATUCR;-50.0,-4.0;-50.0,-4.5;-49.5,-4.5;-50.0,-5.0;-49.5,-5.0;-49.0,-5.0;-48.5,-5.0;-50.5,-5.5;-50.0,-5.5;-49.5,-5.5;-49.0,-5.5;-48.5,-5.5;-48.0,-5.5;-47.5,-5.5;-51.0,-6.0;-50.5,-6.0;-50.0,-6.0;-49.5,-6.0;-49.0,-6.0;-48.5,-6.0;-48.0,-6.0;-47.5,-6.0;-47.0,-6.0;-51.0,-6.5;-50.5,-6.5;-50.0,-6.5;-49.5,-6.5;-49.0,-6.5;-48.5,-6.5;-48.0,-6.5;-47.5,-6.5;-47.0,-6.5;-50.5,-7.0;-50.0,-7.0;-49.5,-7.0;-49.0,-7.0;-48.5,-7.0;-48.0,-7.0;-50.0,-7.5;-49.5,-7.5;-49.0,-7.5;-48.5,-7.5;-50.5,-8.0;-50.0,-8.0;-49.5,-8.0;-49.0,-8.0;-50.0,-8.5;-49.0,-8.5;
PSATSME;-48.5,-14.0;-49.0,-14.5;-48.5,-14.5;-48.0,-14.5;-47.5,-14.5;-49.5,-15.0;-49.0,-15.0;-48.5,-15.0;-48.0,-15.0;-50.0,-15.5;-49.5,-15.5;-49.0,-15.5;-48.5,-15.5;-48.0,-15.5;-50.0,-16.0;-49.5,-16.0;-49.0,-16.0;
PSATBGR;-51.0,-28.0;-50.5,-28.0;-50.0,-28.0;-50.5,-28.5;-50.0,-28.5;
PSATCNV;-50.5,-27.0;-51.0,-27.5;-50.5,-27.5;-50.0,-27.5;-49.5,-28.0;
PSATFCH;-52.5,-27.0;-52.5,-27.5;
PSATITA;-52.0,-27.0;-51.5,-27.0;-51.0,-27.0;-52.0,-27.5;-52.0,-28.0;
PSATMCD;-51.5,-27.5;-51.5,-28.0;
PSATMOJ;-52.5,-28.0;
PSATQQX;-52.5,-26.5;
PSATPSJ;-54.0,-28.5;-53.5,-28.5;
PSATBSOR;-53.0,-7.0;-52.5,-7.0;-52.0,-7.0;-53.0,-7.5;-52.5,-7.5;-53.0,-8.0;-52.5,-8.0;-52.5,-8.5;-52.0,-8.5;-53.0,-9.0;-52.5,-9.0;-52.0,-9.0;-53.0,-9.5;-52.5,-9.5;-52.0,-9.5;-51.5,-9.5;-53.0,-10.0;-52.5,-10.0;-52.0,-10.0;-51.5,-10.0;-54.0,-10.5;-53.5,-10.5;-53.0,-10.5;-52.5,-10.5;-52.0,-10.5;-54.5,-11.0;-54.0,-11.0;-53.5,-11.0;-53.0,-11.0;-52.5,-11.0;-55.0,-11.5;-54.5,-11.5;-54.0,-11.5;-53.5,-11.5;-53.0,-11.5;-52.5,-11.5;-52.0,-11.5;-55.0,-12.0;-54.5,-12.0;-54.0,-12.0;-53.5,-12.0;-53.0,-12.0;-52.5,-12.0;-52.0,-12.0;-55.0,-12.5;-54.5,-12.5;-54.0,-12.5;-53.5,-12.5;-53.0,-12.5;-52.5,-12.5;-52.0,-12.5;-55.0,-13.0;-54.5,-13.0;-54.0,-13.0;-53.5,-13.0;-53.0,-13.0;-52.5,-13.0;-52.0,-13.0;-55.0,-13.5;-54.5,-13.5;-54.0,-13.5;-53.5,-13.5;-53.0,-13.5;-52.5,-13.5;-52.0,-13.5;-54.5,-14.0;-54.0,-14.0;-53.5,-14.0;-53.0,-14.0;-52.5,-14.0;-53.5,-14.5;-53.0,-14.5;
PSATBESP;-51.5,-6.5;-51.5,-7.0;-51.0,-7.0;-52.0,-7.5;-51.5,-7.5;-51.0,-7.5;-50.5,-7.5;-52.0,-8.0;-51.5,-8.0;-51.0,-8.0;-51.5,-8.5;-51.0,-8.5;-51.5,-9.0;
PSATPIME;-52.5,-3.5;-52.0,-3.5;-51.5,-3.5;-53.5,-4.0;-53.0,-4.0;-52.5,-4.0;-52.0,-4.0;-51.5,-4.0;-54.5,-4.5;-54.0,-4.5;-53.5,-4.5;-53.0,-4.5;-52.5,-4.5;-52.0,-4.5;-51.5,-4.5;-51.0,-4.5;-55.0,-5.0;-54.5,-5.0;-54.0,-5.0;-53.5,-5.0;-53.0,-5.0;-52.5,-5.0;-52.0,-5.0;-51.5,-5.0;-51.0,-5.0;-55.0,-5.5;-54.5,-5.5;-54.0,-5.5;-53.5,-5.5;-53.0,-5.5;-52.5,-5.5;-52.0,-5.5;-51.5,-5.5;-51.0,-5.5;-55.0,-6.0;-54.5,-6.0;-54.0,-6.0;-53.5,-6.0;-53.0,-6.0;-52.5,-6.0;-52.0,-6.0;-51.5,-6.0;-55.0,-6.5;-54.5,-6.5;-54.0,-6.5;-53.5,-6.5;-53.0,-6.5;-52.5,-6.5;-52.0,-6.5;-55.0,-7.0;-54.5,-7.0;-54.0,-7.0;-53.5,-7.0;-55.0,-7.5;-54.5,-7.5;-54.0,-7.5;-53.5,-7.5;-55.0,-8.0;-54.5,-8.0;-54.0,-8.0;-53.5,-8.0;-55.0,-8.5;-54.5,-8.5;-54.0,-8.5;-53.5,-8.5;-53.0,-8.5;-55.0,-9.0;-54.5,-9.0;-54.0,-9.0;-53.5,-9.0;-54.5,-9.5;-54.0,-9.5;-53.5,-9.5;-54.0,-10.0;-53.5,-10.0;
PSATSBR;-45.0,-23.0;-45.5,-23.5;
PSATJAG;-46.0,-23.0;
PSATFUNI;-45.0,-22.5;-45.5,-23.0;-46.0,-23.5;
PSATSACE;-44.5,-22.5;-44.0,-22.5;
PSATPIC;-44.0,-21.5;-44.0,-22.0;
PSATSOGI;-43.5,-21.5;-43.5,-22.0;
PSATIPSI;-44.0,-22.0;-43.5,-22.0;-43.0,-22.0;
PSATTCLJ;-44.0,-22.5;-44.0,-23.0;
PSATBRAU;-43.5,-21.5;-43.0,-21.5;-42.5,-21.5;
PSATSUIC;-41.0,-20.0;-40.5,-20.0;
