PSATCAN;-43.4,-21.0;-43.4,-20.6;-43.0,-20.6;
PSATSAC;-43.4,-20.2;-43.4,-19.8;-43.0,-19.8;
PSATPES;-43.4,-19.4;-43.0,-19.4;-43.4,-19.0;-43.0,-19.0;-43.4,-18.6;
PSATMAS;-42.6,-20.6;-43.0,-20.2;-42.6,-20.2;-42.2,-20.2;-41.8,-20.2;-41.4,-20.2;-41.0,-20.2;-42.6,-19.8;-42.2,-19.8;-41.8,-19.8;-41.4,-19.8;-41.0,-19.8;-42.6,-19.4;-42.2,-19.4;-41.8,-19.4;-41.4,-19.4;-41.0,-19.4;-42.6,-19.0;-42.2,-19.0;-41.8,-19.0;-41.4,-19.0;-43.0,-18.6;-42.6,-18.6;-42.2,-18.6;-41.8,-18.6;-43.0,-18.2;-42.6,-18.2;-42.2,-18.2;-41.8,-18.2;-42.2,-17.8;
PSATAGV;-49.0,-21.0;-48.6,-21.0;-49.4,-20.6;-49.0,-20.6;-50.2,-20.2;-49.8,-20.2;-49.4,-20.2;-50.2,-19.8;-49.8,-19.8;-49.4,-19.8;-49.0,-19.8;
PSATCMG;-44.6,-22.2;-44.6,-21.8;-44.2,-21.8;-44.6,-21.4;-44.2,-21.4;
PSATCES;-47.4,-21.0;-47.0,-21.0;-47.8,-20.6;-47.4,-20.6;
PSATELC;-46.6,-21.8;
PSATFUN;-43.8,-21.4;-45.0,-21.0;-44.6,-21.0;-44.2,-21.0;-43.8,-21.0;
PSATFUR;-46.2,-21.8;-46.6,-21.4;-46.2,-21.4;-45.8,-21.4;-45.4,-21.4;-45.0,-21.4;-46.2,-21.0;-45.8,-21.0;-45.4,-21.0;-46.2,-20.6;-45.8,-20.6;-45.4,-20.6;
PSATMRB;-47.0,-21.8;-47.4,-21.4;-47.0,-21.4;-48.2,-21.0;-47.8,-21.0;-48.6,-20.6;-48.2,-20.6;-49.0,-20.2;-48.6,-20.2;-48.6,-19.8;
PSATPRG;-45.8,-22.6;-45.4,-22.6;-46.2,-22.2;-45.8,-22.2;-45.8,-21.8;
PSATPAS;-46.6,-22.6;-46.2,-22.6;-47.4,-22.2;-47.0,-22.2;-46.6,-22.2;-47.8,-21.8;-47.4,-21.8;-48.2,-21.4;-47.8,-21.4;
PSATPTB;-45.4,-22.2;-45.0,-22.2;-45.4,-21.8;-45.0,-21.8;
PSATPTC;-46.6,-21.0;-47.0,-20.6;-46.6,-20.6;-48.2,-20.2;-47.8,-20.2;-47.4,-20.2;-47.0,-20.2;-48.2,-19.8;-47.8,-19.8;-47.4,-19.8;
PSATFZA;-51.4,-26.6;-51.4,-26.2;-51.4,-25.8;
PSATJSG;-52.2,-26.2;-51.8,-26.2;-51.8,-25.8;
PSATSCX;-53.0,-26.2;-52.6,-26.2;-53.0,-25.8;-52.6,-25.8;-52.2,-25.8;-53.4,-25.4;-53.0,-25.4;-52.6,-25.4;-52.2,-25.4;
PSATSCL;-51.8,-25.4;-51.4,-25.4;
PSATUVT;-51.0,-26.6;-50.6,-26.6;-51.0,-26.2;-50.6,-26.2;-50.2,-26.2;-49.8,-26.2;-49.4,-26.2;-51.0,-25.8;-50.6,-25.8;-50.2,-25.8;-49.8,-25.8;-49.4,-25.8;-49.4,-25.4;-49.0,-25.4;
PSATBIGU;-53.4,-26.2;-53.0,-26.2;-52.6,-26.2;-53.4,-25.8;-53.0,-25.8;-52.6,-25.8;-52.2,-25.8;-53.4,-25.4;-53.0,-25.4;-52.6,-25.4;-52.2,-25.4;-53.4,-25.0;
PSATBSM;-53.0,-25.0;-52.6,-25.0;-52.2,-25.0;-51.8,-25.0;-53.4,-24.6;-53.0,-24.6;-52.6,-24.6;-53.4,-24.2;-53.0,-24.2;-52.6,-24.2;-53.0,-23.8;
PSATFLE;-55.4,-23.8;-55.0,-23.8;-55.4,-23.4;-55.0,-23.4;-55.4,-23.0;-55.0,-23.0;-54.6,-23.0;-55.4,-22.6;-55.0,-22.6;
PSATITP;-54.6,-25.4;-54.6,-25.0;-54.2,-25.0;-53.8,-25.0;-55.0,-24.6;-54.6,-24.6;-54.2,-24.6;-53.8,-24.6;-55.0,-24.2;-54.6,-24.2;-54.2,-24.2;-53.8,-24.2;-54.6,-23.8;-54.2,-23.8;-53.8,-23.8;-53.4,-23.8;-54.6,-23.4;-54.2,-23.4;-53.8,-23.4;-53.4,-23.4;-54.2,-23.0;-53.8,-23.0;-53.4,-23.0;-54.2,-22.6;-53.8,-22.6;-53.4,-22.6;-53.0,-22.6;
PSATIVM;-54.6,-22.6;-55.8,-22.2;-55.4,-22.2;-55.0,-22.2;-54.6,-22.2;-54.2,-22.2;-53.8,-22.2;-53.4,-22.2;-55.4,-21.8;-55.0,-21.8;-54.6,-21.8;-54.2,-21.8;-53.8,-21.8;-53.4,-21.8;-55.4,-21.4;-55.0,-21.4;-54.6,-21.4;-55.0,-21.0;
PSATPTQ;-51.0,-25.4;-51.4,-25.0;-51.0,-25.0;-52.2,-24.6;-51.8,-24.6;-51.4,-24.6;-51.0,-24.6;-52.2,-24.2;-51.8,-24.2;-51.4,-24.2;-51.0,-24.2;-52.6,-23.8;-52.2,-23.8;-51.8,-23.8;-51.4,-23.8;-53.0,-23.4;-52.6,-23.4;-52.2,-23.4;-53.0,-23.0;-52.6,-23.0;
PSATAMY;-69.4,-14.6;-69.0,-14.6;-69.8,-14.2;-69.4,-14.2;-69.0,-14.2;-68.6,-14.2;-70.6,-13.8;-70.2,-13.8;-69.8,-13.8;-69.4,-13.8;-71.0,-13.4;-70.6,-13.4;-70.2,-13.4;-69.8,-13.4;-69.4,-13.4;-71.4,-13.0;-71.0,-13.0;-70.6,-13.0;-70.2,-13.0;-69.8,-13.0;-69.4,-13.0;-71.8,-12.6;-71.4,-12.6;-71.0,-12.6;-70.6,-12.6;-70.2,-12.6;-69.8,-12.6;-69.4,-12.6;-71.8,-12.2;-71.4,-12.2;-71.0,-12.2;-70.6,-12.2;-70.2,-12.2;-69.8,-12.2;-69.4,-12.2;-72.2,-11.8;-71.8,-11.8;-71.4,-11.8;-71.0,-11.8;-70.6,-11.8;-70.2,-11.8;-72.2,-11.4;-71.8,-11.4;-71.4,-11.4;-71.0,-11.4;-70.6,-11.4;
PSATGJR;-64.2,-20.2;-63.8,-20.2;-63.4,-20.2;-64.2,-19.8;-63.8,-19.8;-63.4,-19.8;-63.0,-19.8;-62.6,-19.8;-64.6,-19.4;-64.2,-19.4;-63.8,-19.4;-63.4,-19.4;-63.0,-19.4;-62.6,-19.4;-66.2,-19.0;-65.0,-19.0;-64.6,-19.0;-64.2,-19.0;-63.8,-19.0;-63.4,-19.0;-63.0,-19.0;-62.6,-19.0;-62.2,-19.0;-61.8,-19.0;-66.6,-18.6;-66.2,-18.6;-65.8,-18.6;-65.4,-18.6;-65.0,-18.6;-64.6,-18.6;-64.2,-18.6;-63.8,-18.6;-63.4,-18.6;-63.0,-18.6;-62.6,-18.6;-62.2,-18.6;-61.8,-18.6;-61.4,-18.6;-61.0,-18.6;-60.6,-18.6;-66.6,-18.2;-66.2,-18.2;-65.8,-18.2;-65.4,-18.2;-65.0,-18.2;-64.6,-18.2;-64.2,-18.2;-63.8,-18.2;-63.4,-18.2;-63.0,-18.2;-62.6,-18.2;-62.2,-18.2;-61.8,-18.2;-61.4,-18.2;-61.0,-18.2;-60.6,-18.2;-66.6,-17.8;-66.2,-17.8;-65.8,-17.8;-65.4,-17.8;-65.0,-17.8;-64.6,-17.8;-64.2,-17.8;-63.8,-17.8;-63.4,-17.8;-63.0,-17.8;-62.6,-17.8;-62.2,-17.8;-61.8,-17.8;-61.4,-17.8;-61.0,-17.8;-60.6,-17.8;-66.6,-17.4;-66.2,-17.4;-65.8,-17.4;-65.4,-17.4;-65.0,-17.4;-64.6,-17.4;-64.2,-17.4;-63.8,-17.4;-63.4,-17.4;-63.0,-17.4;-62.6,-17.4;-62.2,-17.4;-61.8,-17.4;-61.4,-17.4;-61.0,-17.4;-60.6,-17.4;-60.2,-17.4;-65.8,-17.0;-65.4,-17.0;-65.0,-17.0;-64.6,-17.0;-64.2,-17.0;-63.8,-17.0;-63.4,-17.0;-63.0,-17.0;-62.6,-17.0;-62.2,-17.0;-61.8,-17.0;-61.4,-17.0;-61.0,-17.0;-60.6,-17.0;-60.2,-17.0;-65.8,-16.6;-65.4,-16.6;-65.0,-16.6;-64.6,-16.6;-64.2,-16.6;-63.8,-16.6;-63.4,-16.6;-63.0,-16.6;-62.6,-16.6;-62.2,-16.6;-61.8,-16.6;-61.4,-16.6;-61.0,-16.6;-66.2,-16.2;-65.8,-16.2;-65.4,-16.2;-65.0,-16.2;-64.6,-16.2;-64.2,-16.2;-63.8,-16.2;-63.4,-16.2;-66.6,-15.8;-66.2,-15.8;-65.8,-15.8;-65.4,-15.8;-65.0,-15.8;-64.6,-15.8;-64.2,-15.8;-63.8,-15.8;-63.4,-15.8;-67.0,-15.4;-66.6,-15.4;-66.2,-15.4;-65.8,-15.4;-65.4,-15.4;-65.0,-15.4;-64.6,-15.4;-64.2,-15.4;-67.0,-15.0;-66.6,-15.0;-66.2,-15.0;-65.8,-15.0;-65.4,-15.0;-65.0,-15.0;-64.6,-15.0;-64.2,-15.0;-67.4,-14.6;-67.0,-14.6;-66.6,-14.6;-66.2,-14.6;-65.8,-14.6;-65.4,-14.6;-65.0,-14.6;-64.6,-14.6;-64.2,-14.6;-67.4,-14.2;-67.0,-14.2;-66.6,-14.2;-66.2,-14.2;-65.8,-14.2;-65.4,-14.2;-65.0,-14.2;-66.6,-13.8;-66.2,-13.8;-65.8,-13.8;-65.4,-13.8;-66.2,-13.4;-65.8,-13.4;-65.4,-13.4;-65.0,-13.4;-65.8,-13.0;-65.4,-13.0;-65.0,-13.0;-65.4,-12.6;-65.0,-12.6;-64.6,-12.6;-65.0,-12.2;-64.6,-12.2;-65.4,-11.8;-65.0,-11.8;-64.6,-11.8;-64.2,-11.8;-65.4,-11.4;-65.0,-11.4;-64.6,-11.4;-64.2,-11.4;-63.8,-11.4;-63.4,-11.4;-65.4,-11.0;-65.0,-11.0;-64.6,-11.0;-64.2,-11.0;-63.8,-11.0;-64.6,-10.6;-64.2,-10.6;
PSATPRNC;-63.0,-16.2;-62.6,-16.2;-62.2,-16.2;-61.8,-16.2;-61.4,-16.2;-61.0,-16.2;-60.6,-16.2;-60.2,-16.2;-59.8,-16.2;-63.0,-15.8;-62.6,-15.8;-62.2,-15.8;-61.8,-15.8;-61.4,-15.8;-61.0,-15.8;-60.6,-15.8;-60.2,-15.8;-59.8,-15.8;-59.4,-15.8;-63.8,-15.4;-63.4,-15.4;-63.0,-15.4;-62.6,-15.4;-62.2,-15.4;-61.8,-15.4;-61.4,-15.4;-61.0,-15.4;-60.6,-15.4;-60.2,-15.4;-59.8,-15.4;-59.4,-15.4;-63.8,-15.0;-63.4,-15.0;-63.0,-15.0;-62.6,-15.0;-62.2,-15.0;-61.8,-15.0;-61.4,-15.0;-61.0,-15.0;-60.6,-15.0;-60.2,-15.0;-59.8,-15.0;-59.4,-15.0;-63.8,-14.6;-63.4,-14.6;-63.0,-14.6;-62.6,-14.6;-62.2,-14.6;-61.8,-14.6;-61.4,-14.6;-61.0,-14.6;-60.6,-14.6;-60.2,-14.6;-59.8,-14.6;-59.4,-14.6;-64.6,-14.2;-64.2,-14.2;-63.8,-14.2;-63.4,-14.2;-63.0,-14.2;-62.6,-14.2;-62.2,-14.2;-61.8,-14.2;-61.4,-14.2;-61.0,-14.2;-60.6,-14.2;-60.2,-14.2;-59.8,-14.2;-65.0,-13.8;-64.6,-13.8;-64.2,-13.8;-63.8,-13.8;-63.4,-13.8;-63.0,-13.8;-62.6,-13.8;-62.2,-13.8;-61.8,-13.8;-61.4,-13.8;-61.0,-13.8;-60.6,-13.8;-60.2,-13.8;-59.8,-13.8;-64.6,-13.4;-64.2,-13.4;-63.8,-13.4;-63.4,-13.4;-63.0,-13.4;-62.6,-13.4;-62.2,-13.4;-61.8,-13.4;-61.4,-13.4;-61.0,-13.4;-60.6,-13.4;-60.2,-13.4;-64.6,-13.0;-64.2,-13.0;-63.8,-13.0;-63.4,-13.0;-63.0,-13.0;-62.6,-13.0;-62.2,-13.0;-61.8,-13.0;-61.4,-13.0;-61.0,-13.0;-60.6,-13.0;-60.2,-13.0;-64.2,-12.6;-63.8,-12.6;-63.4,-12.6;-63.0,-12.6;-62.6,-12.6;-62.2,-12.6;-61.8,-12.6;-61.4,-12.6;-64.2,-12.2;-63.8,-12.2;-63.4,-12.2;-63.0,-12.2;-62.6,-12.2;-62.2,-12.2;-61.8,-12.2;-63.8,-11.8;-63.4,-11.8;-63.0,-11.8;-62.6,-11.8;-63.0,-11.4;
PSATSANT;-64.2,-10.2;-64.6,-9.8;-64.2,-9.8;-64.6,-9.4;-64.2,-9.4;-64.2,-9.0;
PSATDARD;-59.4,-11.8;-59.4,-11.4;-59.0,-11.4;-59.4,-11.0;-59.0,-11.0;-59.8,-10.6;-59.4,-10.6;-59.0,-10.6;-59.4,-10.2;
PSATGUAP;-59.0,-15.0;
PSATJIRA;-67.0,-17.4;-67.8,-17.0;-67.4,-17.0;-67.0,-17.0;-66.6,-17.0;-66.2,-17.0;-67.8,-16.6;-67.4,-16.6;-67.0,-16.6;-66.6,-16.6;-66.2,-16.6;-68.2,-16.2;-67.8,-16.2;-67.4,-16.2;-67.0,-16.2;-66.6,-16.2;-68.6,-15.8;-68.2,-15.8;-67.8,-15.8;-67.4,-15.8;-67.0,-15.8;-69.0,-15.4;-68.6,-15.4;-68.2,-15.4;-67.8,-15.4;-67.4,-15.4;-69.0,-15.0;-68.6,-15.0;-68.2,-15.0;-67.8,-15.0;-67.4,-15.0;-68.6,-14.6;-68.2,-14.6;-67.8,-14.6;-68.2,-14.2;-67.8,-14.2;-69.0,-13.8;-68.6,-13.8;-68.2,-13.8;-67.8,-13.8;-67.4,-13.8;-67.0,-13.8;-69.0,-13.4;-68.6,-13.4;-68.2,-13.4;-67.8,-13.4;-67.4,-13.4;-67.0,-13.4;-66.6,-13.4;-69.0,-13.0;-68.6,-13.0;-68.2,-13.0;-67.8,-13.0;-67.4,-13.0;-67.0,-13.0;-66.6,-13.0;-66.2,-13.0;-69.0,-12.6;-68.6,-12.6;-68.2,-12.6;-67.8,-12.6;-67.4,-12.6;-67.0,-12.6;-66.6,-12.6;-66.2,-12.6;-65.8,-12.6;-69.0,-12.2;-68.6,-12.2;-68.2,-12.2;-67.8,-12.2;-67.4,-12.2;-67.0,-12.2;-66.6,-12.2;-66.2,-12.2;-65.8,-12.2;-65.4,-12.2;-69.8,-11.8;-69.4,-11.8;-69.0,-11.8;-68.6,-11.8;-68.2,-11.8;-67.8,-11.8;-67.4,-11.8;-67.0,-11.8;-66.6,-11.8;-66.2,-11.8;-65.8,-11.8;-70.2,-11.4;-69.8,-11.4;-69.4,-11.4;-69.0,-11.4;-68.6,-11.4;-68.2,-11.4;-67.8,-11.4;-67.4,-11.4;-67.0,-11.4;-66.6,-11.4;-66.2,-11.4;-65.8,-11.4;-71.4,-11.0;-71.0,-11.0;-68.2,-11.0;-67.8,-11.0;-67.4,-11.0;-67.0,-11.0;-66.6,-11.0;-66.2,-11.0;-65.8,-11.0;-67.8,-10.6;-67.4,-10.6;-67.0,-10.6;-66.6,-10.6;-66.2,-10.6;-65.8,-10.6;-65.4,-10.6;-65.0,-10.6;-67.4,-10.2;-67.0,-10.2;-66.6,-10.2;-66.2,-10.2;-65.8,-10.2;-65.4,-10.2;-65.0,-10.2;-64.6,-10.2;-66.6,-9.8;-66.2,-9.8;-65.8,-9.8;-65.4,-9.8;-65.0,-9.8;-65.4,-9.4;-65.0,-9.4;
PSATROND;-60.2,-12.6;-60.6,-12.2;
PSATSAMU;-63.4,-11.0;-63.4,-10.6;-63.0,-10.6;-63.4,-10.2;-63.0,-10.2;-63.0,-9.8;-63.0,-9.4;
PSATXIVJ;-51.4,-28.6;
PSATDFRC;-53.0,-29.4;-53.8,-29.0;-53.4,-29.0;-53.0,-29.0;
PSATREAL;-53.4,-28.6;-53.0,-28.6;-52.6,-28.6;
PSATCTAV;-51.4,-29.0;-51.0,-29.0;-50.6,-29.0;-50.2,-29.0;-51.0,-28.6;
PSATERNT;-52.2,-28.2;
PSATSTPL;-49.8,-27.4;-50.2,-27.0;
PSATCVCH;-49.0,-25.4;-49.0,-25.0;
PSATBALB;-59.8,-1.8;-59.4,-1.8;-60.2,-1.4;-59.8,-1.4;-60.2,-1.0;-59.8,-1.0;-59.4,-1.0;-59.8,-0.6;
PSATCUNA;-54.6,-4.2;-54.2,-4.2;-55.0,-3.8;-54.6,-3.8;-54.2,-3.8;-55.0,-3.4;-54.6,-3.4;-55.0,-3.0;-54.6,-3.0;-54.2,-3.0;
PSATJARI;-52.6,-0.6;-53.4,-0.2;-53.0,-0.2;-52.6,-0.2;-53.4,0.2;-53.0,0.2;-52.6,0.2;-53.8,0.6;-53.4,0.6;-53.0,0.6;-52.6,0.6;-54.2,1.0;-53.8,1.0;-53.4,1.0;-53.0,1.0;-54.2,1.4;-53.8,1.4;-53.4,1.4;-53.0,1.4;-54.6,1.8;-54.2,1.8;-53.8,1.8;-53.4,1.8;-54.6,2.2;-53.8,2.2;-53.4,2.2;
PSATFGOM;-52.2,0.6;-51.8,0.6;-52.6,1.0;-52.2,1.0;-51.8,1.0;-51.4,1.0;-52.6,1.4;-52.2,1.4;-51.8,1.4;-51.4,1.4;-53.0,1.8;-52.6,1.8;-52.2,1.8;-51.8,1.8;-51.4,1.8;-52.2,2.2;-51.8,2.2;
PSATIRAP;-43.4,-18.2;-43.4,-17.8;-43.4,-17.4;-43.4,-17.0;-43.0,-17.0;-43.4,-16.6;-43.0,-16.6;
PSATITBI;-43.0,-17.8;-42.6,-17.8;-43.0,-17.4;-42.6,-17.4;-42.2,-17.4;-41.8,-17.4;-42.6,-17.0;-42.2,-17.0;-41.8,-17.0;-41.4,-17.0;-42.6,-16.6;-42.2,-16.6;-41.8,-16.6;-41.4,-16.6;-41.0,-16.6;-40.6,-16.6;-43.0,-16.2;-42.6,-16.2;-42.2,-16.2;-41.8,-16.2;-41.4,-16.2;-41.0,-16.2;-40.6,-16.2;-40.2,-16.2;-39.8,-16.2;-41.0,-15.8;-40.6,-15.8;-40.2,-15.8;
PSATUBE;-45.8,-10.2;-46.2,-9.8;-45.8,-9.8;-45.4,-9.8;-46.6,-9.4;-46.2,-9.4;-45.8,-9.4;-45.4,-9.4;-47.0,-9.0;-46.6,-9.0;-46.2,-9.0;-45.8,-9.0;-45.4,-9.0;-45.0,-9.0;-46.6,-8.6;-46.2,-8.6;-45.8,-8.6;-45.4,-8.6;-45.0,-8.6;-44.6,-8.6;-46.2,-8.2;-45.8,-8.2;-45.4,-8.2;-45.0,-8.2;-44.6,-8.2;-46.2,-7.8;-45.8,-7.8;-45.4,-7.8;-45.0,-7.8;-44.6,-7.8;-46.6,-7.4;-46.2,-7.4;-45.8,-7.4;-45.4,-7.4;-45.0,-7.4;-44.6,-7.4;-44.2,-7.4;-46.2,-7.0;-45.8,-7.0;-45.4,-7.0;-45.0,-7.0;-44.6,-7.0;-44.2,-7.0;-43.8,-6.6;
PSATPDC;-41.4,-13.4;-41.0,-13.4;-41.8,-13.0;-41.4,-13.0;-41.0,-13.0;-40.6,-13.0;-41.8,-12.6;-41.4,-12.6;-41.0,-12.6;-40.6,-12.6;-40.2,-12.6;-39.8,-12.6;-39.4,-12.6;-39.0,-12.6;-41.8,-12.2;-41.4,-12.2;-41.0,-12.2;-40.6,-12.2;-40.2,-12.2;-39.8,-12.2;-39.4,-12.2;-39.0,-12.2;-41.0,-11.8;-40.6,-11.8;-40.2,-11.8;-39.8,-11.8;-39.4,-11.8;-39.8,-11.4;
PSATSTCL;-41.8,-17.8;-41.4,-17.8;-41.0,-17.8;-40.6,-17.8;-41.4,-17.4;-41.0,-17.4;-41.0,-17.0;
PSATROSA;-41.8,-20.6;
PSATITQ;-54.6,-17.4;-53.8,-17.0;
PSATJAU;-58.6,-15.0;-58.6,-14.6;
PSATMAN;-55.4,-15.4;-55.8,-15.0;-55.4,-15.0;-55.0,-15.0;-55.4,-14.6;
PSATPTP;-54.2,-17.4;-53.8,-17.4;
PSATESP;-52.2,-18.6;-53.0,-18.2;
PSATSRC;-51.0,-19.0;-51.4,-18.6;-52.6,-18.2;-52.2,-18.2;-51.8,-18.2;-52.6,-17.8;
PSATFRCL;-50.6,-19.0;-51.0,-18.6;-51.4,-18.2;-51.0,-18.2;-52.2,-17.8;-51.8,-17.8;-51.4,-17.8;-52.6,-17.4;-52.2,-17.4;-51.8,-17.4;
PSATISOT;-51.0,-21.0;-50.6,-21.0;-50.2,-21.0;-51.0,-20.6;-50.6,-20.6;-50.2,-20.6;-49.8,-20.6;-51.8,-20.2;-51.4,-20.2;-51.0,-20.2;-50.6,-20.2;-51.8,-19.8;-51.4,-19.8;-51.0,-19.8;-50.6,-19.8;-51.8,-19.4;-51.4,-19.4;-51.0,-19.4;-50.6,-19.4;-50.2,-19.4;-49.8,-19.4;-52.2,-19.0;-51.8,-19.0;-51.4,-19.0;-52.6,-18.6;-51.8,-18.6;
PSATJUP;-52.2,-20.6;-51.8,-20.6;-51.4,-20.6;-52.6,-20.2;-52.2,-20.2;-52.6,-19.8;-52.2,-19.8;-53.0,-19.4;-52.6,-19.4;-52.2,-19.4;-53.0,-19.0;-52.6,-19.0;-53.0,-18.6;
PSATSDG;-53.8,-19.8;-53.4,-19.8;-53.0,-19.8;-53.8,-19.4;-53.4,-19.4;-53.4,-19.0;
PSATFZBT;-53.0,-21.8;-54.2,-21.4;-53.8,-21.4;-53.4,-21.4;-53.0,-21.4;-54.6,-21.0;-54.2,-21.0;-53.8,-21.0;-53.4,-21.0;-53.0,-21.0;-54.6,-20.6;-54.2,-20.6;-53.8,-20.6;-53.4,-20.6;-54.2,-20.2;-53.8,-20.2;-54.2,-19.8;
PSATPPRA;-53.0,-22.2;-52.6,-22.2;-52.2,-22.2;-51.4,-22.2;-51.0,-22.2;-50.6,-22.2;-50.2,-22.2;-49.8,-22.2;-52.6,-21.8;-52.2,-21.8;-51.8,-21.8;-51.4,-21.8;-51.0,-21.8;-50.6,-21.8;-50.2,-21.8;-49.8,-21.8;-52.6,-21.4;-52.2,-21.4;-51.8,-21.4;-51.4,-21.4;-51.0,-21.4;-50.6,-21.4;-52.6,-21.0;-52.2,-21.0;-51.8,-21.0;-51.4,-21.0;-53.0,-20.6;-52.6,-20.6;-53.4,-20.2;-53.0,-20.2;
PSATCBI;-48.6,-17.8;-48.6,-17.4;-48.2,-17.4;-48.6,-17.0;-48.2,-17.0;-47.8,-17.0;-48.6,-16.6;-48.2,-16.6;-47.8,-16.6;-47.8,-16.2;-47.8,-15.8;
PSATCBIV;-49.0,-16.2;-48.6,-16.2;-48.2,-16.2;-48.6,-15.8;-48.2,-15.8;
PSATEMB;-47.4,-19.0;-46.6,-19.0;-47.8,-18.6;-47.4,-18.6;-47.0,-18.6;-46.6,-18.6;-47.8,-18.2;-47.4,-18.2;-47.0,-18.2;-47.4,-17.8;
PSATIMBR;-47.8,-19.4;-48.2,-19.0;-47.8,-19.0;-48.6,-18.6;-48.2,-18.6;-49.0,-18.2;-48.6,-18.2;-48.2,-18.2;-49.0,-17.8;-48.2,-17.8;-47.8,-17.8;-49.0,-17.4;
PSATNPTE;-47.0,-19.8;-46.6,-19.8;-47.4,-19.4;-47.0,-19.4;-46.6,-19.4;-46.2,-19.4;-47.0,-19.0;
PSATARV;-51.0,-17.8;-50.6,-17.8;-50.2,-17.8;-49.8,-17.8;-51.4,-17.4;-51.0,-17.4;-50.6,-17.4;-50.2,-17.4;-49.8,-17.4;-51.0,-17.0;-50.6,-17.0;-50.2,-17.0;-49.8,-17.0;-50.2,-16.6;-49.8,-16.6;-49.4,-16.6;
PSATSFC;-47.8,-17.4;-47.4,-17.4;-47.4,-17.0;-47.4,-16.6;
PSATSSM;-49.4,-19.4;-49.0,-19.4;-48.6,-19.4;-48.2,-19.4;-50.2,-19.0;-49.8,-19.0;-49.4,-19.0;-49.0,-19.0;-48.6,-19.0;-50.6,-18.6;-50.2,-18.6;-49.8,-18.6;-49.4,-18.6;-49.0,-18.6;-51.0,-18.2;-50.6,-18.2;-50.2,-18.2;-49.8,-18.2;-49.4,-18.2;-49.4,-17.8;-49.4,-17.4;-49.4,-17.0;-49.0,-17.0;-49.0,-16.6;-49.4,-16.2;
PSATCNI;-50.2,-23.0;-49.8,-23.0;-49.4,-23.0;-49.0,-23.0;-48.6,-23.0;-50.2,-22.6;-49.8,-22.6;-49.4,-22.6;-49.0,-22.6;
PSATCPV;-50.2,-24.2;-49.8,-24.2;-51.0,-23.8;-50.6,-23.8;-50.2,-23.8;-49.8,-23.8;-51.4,-23.4;-51.0,-23.4;-50.6,-23.4;-50.2,-23.4;-51.4,-23.0;-51.0,-23.0;-50.6,-23.0;-51.0,-22.6;-50.6,-22.6;
PSATCHT;-49.4,-24.2;-49.4,-23.8;-49.8,-23.4;-49.4,-23.4;
PSATJUR;-49.0,-24.2;-48.6,-24.2;-48.2,-24.2;-49.0,-23.8;-48.6,-23.8;-48.2,-23.8;-47.8,-23.8;-49.0,-23.4;-48.6,-23.4;-48.2,-23.4;
PSATMAU;-50.6,-25.4;-50.2,-25.4;-49.8,-25.4;-50.6,-25.0;-50.2,-25.0;-50.6,-24.6;-50.2,-24.6;-49.8,-24.6;-50.6,-24.2;
PSATROS;-51.8,-23.4;-52.2,-23.0;-51.8,-23.0;-52.6,-22.6;-52.2,-22.6;-51.8,-22.6;-51.4,-22.6;-51.8,-22.2;
PSATQMD;-47.4,-16.2;-47.4,-15.8;-47.0,-15.8;
PSATRBX;-44.2,-20.6;-43.8,-20.6;-44.2,-20.2;-44.2,-19.8;-44.6,-19.4;-44.6,-19.0;
PSATSFR;-46.2,-16.6;-45.8,-16.6;-46.6,-16.2;-46.2,-16.2;-45.8,-16.2;-45.4,-16.2;-45.0,-16.2;-44.6,-16.2;-46.6,-15.8;-46.2,-15.8;-45.8,-15.8;-45.4,-15.8;-46.6,-15.4;-46.2,-15.4;-45.8,-15.4;-46.2,-15.0;
PSATSRM;-43.8,-20.2;-43.8,-19.8;-44.2,-19.4;-43.8,-19.4;-46.2,-19.0;-44.2,-19.0;-43.8,-19.0;-46.2,-18.6;-45.8,-18.6;-44.6,-18.6;-44.2,-18.6;-43.8,-18.6;-46.6,-18.2;-46.2,-18.2;-45.8,-18.2;-45.0,-18.2;-44.6,-18.2;-44.2,-18.2;-43.8,-18.2;-47.0,-17.8;-46.6,-17.8;-46.2,-17.8;-45.8,-17.8;-45.4,-17.8;-45.0,-17.8;-44.6,-17.8;-44.2,-17.8;-43.8,-17.8;-47.0,-17.4;-46.6,-17.4;-46.2,-17.4;-45.8,-17.4;-45.4,-17.4;-45.0,-17.4;-44.6,-17.4;-44.2,-17.4;-43.8,-17.4;-47.0,-17.0;-46.6,-17.0;-46.2,-17.0;-45.8,-17.0;-45.4,-17.0;-45.0,-17.0;-44.6,-17.0;-44.2,-17.0;-43.8,-17.0;-47.0,-16.6;-46.6,-16.6;-45.4,-16.6;-45.0,-16.6;-44.6,-16.6;-44.2,-16.6;-47.0,-16.2;-47.0,-15.8;
PSATTMR;-45.0,-20.6;-44.6,-20.6;-46.6,-20.2;-46.2,-20.2;-45.8,-20.2;-45.4,-20.2;-45.0,-20.2;-44.6,-20.2;-46.2,-19.8;-45.8,-19.8;-45.4,-19.8;-45.0,-19.8;-45.8,-19.4;-45.4,-19.4;-45.0,-19.4;-45.8,-19.0;-45.4,-19.0;-45.0,-19.0;-45.4,-18.6;-45.0,-18.6;-45.4,-18.2;
PSATBOQ;-45.8,-13.0;-45.4,-13.0;-46.2,-12.6;-45.8,-12.6;-45.4,-12.6;-45.0,-12.6;-44.6,-12.6;-44.2,-12.6;-46.2,-12.2;-45.8,-12.2;-45.4,-12.2;-45.0,-12.2;-44.6,-12.2;-44.2,-12.2;-46.2,-11.8;-45.8,-11.8;-45.4,-11.8;-45.0,-11.8;-44.6,-11.8;-44.2,-11.8;-43.8,-11.8;-46.2,-11.4;-45.8,-11.4;-45.4,-11.4;-45.0,-11.4;-44.6,-11.4;-44.2,-11.4;-46.2,-11.0;-45.8,-11.0;-45.4,-11.0;-45.0,-11.0;-44.6,-11.0;-44.2,-11.0;-45.8,-10.6;
PSATCOLI;-55.0,-14.6;-54.6,-14.6;-54.2,-14.6;-55.0,-14.2;-54.2,-14.2;-55.8,-13.8;-55.4,-13.8;-55.0,-13.8;-55.8,-13.4;-55.4,-13.4;-56.2,-13.0;-55.8,-13.0;-55.4,-13.0;-56.2,-12.6;-55.8,-12.6;-55.4,-12.6;-56.2,-12.2;-55.8,-12.2;-55.4,-12.2;-55.8,-11.8;-55.4,-11.4;-55.4,-11.0;
PSATSAEL;-56.2,-11.0;-55.8,-11.0;-55.0,-11.0;-56.2,-10.6;-55.8,-10.6;-55.4,-10.6;-55.0,-10.6;-54.6,-10.6;-54.2,-10.6;-56.6,-10.2;-56.2,-10.2;-55.8,-10.2;-55.4,-10.2;-55.0,-10.2;-54.6,-10.2;-54.2,-10.2;-56.6,-9.8;-56.2,-9.8;-55.8,-9.8;-55.4,-9.8;-55.0,-9.8;-54.6,-9.8;-56.6,-9.4;-56.2,-9.4;-55.8,-9.4;-55.4,-9.4;-55.0,-9.4;
PSATBBO;-47.4,-23.8;-47.8,-23.4;-47.4,-23.4;-47.0,-23.4;-46.6,-23.4;-48.2,-23.0;-47.8,-23.0;-47.4,-23.0;-47.0,-23.0;-46.6,-23.0;-46.2,-23.0;-48.2,-22.6;-47.8,-22.6;-47.4,-22.6;-47.0,-22.6;
PSATESZ;-46.6,-23.8;
PSATIBT;-48.6,-22.6;-49.4,-22.2;-49.0,-22.2;-48.6,-22.2;-48.2,-22.2;-47.8,-22.2;-49.0,-21.8;-48.6,-21.8;-48.2,-21.8;
PSATNAV;-49.4,-21.8;-50.2,-21.4;-49.8,-21.4;-49.4,-21.4;-49.0,-21.4;-48.6,-21.4;-49.8,-21.0;-49.4,-21.0;
PSATBTE;-53.0,-17.8;-53.0,-17.4;-53.4,-17.0;-53.0,-17.0;-52.6,-17.0;-52.2,-17.0;-51.8,-17.0;-51.4,-17.0;-53.4,-16.6;-53.0,-16.6;-52.6,-16.6;-52.2,-16.6;-51.8,-16.6;-51.4,-16.6;-51.0,-16.6;-50.6,-16.6;-53.8,-16.2;-53.4,-16.2;-53.0,-16.2;-52.6,-16.2;-52.2,-16.2;-51.8,-16.2;-51.4,-16.2;-51.0,-16.2;-50.6,-16.2;-50.2,-16.2;-53.4,-15.8;-53.0,-15.8;-52.6,-15.8;-51.8,-15.8;-51.4,-15.8;-51.0,-15.8;-50.6,-15.8;-50.2,-15.8;-51.8,-15.4;-51.4,-15.4;-51.0,-15.4;-50.6,-15.4;-50.2,-15.4;-51.4,-15.0;-51.0,-15.0;-50.6,-15.0;-50.2,-15.0;-51.0,-14.6;-50.6,-14.6;-51.0,-14.2;-50.6,-14.2;-51.0,-13.8;
PSATARAG;-53.8,-15.8;-52.2,-15.8;-55.0,-15.4;-54.6,-15.4;-54.2,-15.4;-53.8,-15.4;-53.4,-15.4;-53.0,-15.4;-52.6,-15.4;-52.2,-15.4;-54.6,-15.0;-54.2,-15.0;-53.8,-15.0;-53.4,-15.0;-53.0,-15.0;-52.6,-15.0;-52.2,-15.0;-51.8,-15.0;-53.0,-14.6;-52.6,-14.6;-52.2,-14.6;-51.8,-14.6;-51.4,-14.6;-50.2,-14.6;-49.8,-14.6;-52.6,-14.2;-52.2,-14.2;-51.8,-14.2;-51.4,-14.2;-50.2,-14.2;-49.8,-14.2;-49.4,-14.2;-51.8,-13.8;-51.4,-13.8;-50.6,-13.8;-50.2,-13.8;-49.8,-13.8;-49.4,-13.8;-51.8,-13.4;-51.4,-13.4;-51.0,-13.4;-50.6,-13.4;-50.2,-13.4;-49.8,-13.4;-51.4,-13.0;-51.0,-13.0;-50.6,-13.0;-50.2,-13.0;-49.8,-13.0;-49.4,-13.0;-51.4,-12.6;-51.0,-12.6;-50.6,-12.6;-50.2,-12.6;-49.8,-12.6;-49.4,-12.6;-51.4,-12.2;-51.0,-12.2;-50.6,-12.2;-50.2,-12.2;-49.8,-12.2;-49.4,-12.2;-51.4,-11.8;-51.0,-11.8;-50.6,-11.8;-50.2,-11.8;-49.8,-11.8;-49.4,-11.8;-51.8,-11.4;-51.4,-11.4;-51.0,-11.4;-50.6,-11.4;-50.2,-11.4;-49.8,-11.4;-49.4,-11.4;-49.0,-11.4;-51.8,-11.0;-51.4,-11.0;-51.0,-11.0;-50.6,-11.0;-50.2,-11.0;-49.8,-11.0;-49.4,-11.0;-51.8,-10.6;-51.4,-10.6;-51.0,-10.6;-50.6,-10.6;-50.2,-10.6;-49.8,-10.6;-49.4,-10.6;-51.0,-10.2;-50.6,-10.2;-50.2,-10.2;-49.8,-10.2;-49.4,-10.2;-49.0,-10.2;-51.0,-9.8;-50.6,-9.8;-50.2,-9.8;-49.8,-9.8;-49.4,-9.8;-49.0,-9.8;-51.0,-9.4;-50.6,-9.4;-50.2,-9.4;-49.8,-9.4;-49.4,-9.4;-49.0,-9.4;-51.0,-9.0;-50.6,-9.0;-50.2,-9.0;-49.8,-9.0;-49.4,-9.0;-49.0,-9.0;-50.6,-8.6;-50.2,-8.6;-49.8,-8.6;-49.4,-8.6;-49.0,-8.6;
PSATLAJ;-47.4,-15.4;-47.0,-15.4;-47.4,-15.0;-47.0,-15.0;-46.6,-15.0;-47.4,-14.6;-47.0,-14.6;-46.6,-14.6;-46.2,-14.6;-47.0,-14.2;-46.6,-14.2;-46.2,-14.2;-49.0,-13.8;-48.6,-13.8;-48.2,-13.8;-47.8,-13.8;-47.4,-13.8;-47.0,-13.8;-46.6,-13.8;-49.4,-13.4;-49.0,-13.4;-48.6,-13.4;-48.2,-13.4;-47.8,-13.4;-47.4,-13.4;-47.0,-13.4;-46.6,-13.4;-46.2,-13.4;-49.0,-13.0;-48.6,-13.0;-48.2,-13.0;-47.8,-13.0;-47.4,-13.0;-47.0,-13.0;-46.6,-13.0;-46.2,-13.0;-49.0,-12.6;-48.6,-12.6;-48.2,-12.6;-47.8,-12.6;-47.4,-12.6;-47.0,-12.6;-46.6,-12.6;-49.0,-12.2;-48.6,-12.2;-48.2,-12.2;-47.8,-12.2;-47.4,-12.2;-47.0,-12.2;-46.6,-12.2;-49.0,-11.8;-48.6,-11.8;-48.2,-11.8;-47.8,-11.8;-47.4,-11.8;-47.0,-11.8;-46.6,-11.8;-48.6,-11.4;-48.2,-11.4;-47.8,-11.4;-47.4,-11.4;-47.0,-11.4;-46.6,-11.4;-49.0,-11.0;-48.6,-11.0;-48.2,-11.0;-49.0,-10.6;-48.6,-10.6;-48.2,-10.6;-48.6,-10.2;-48.2,-10.2;-48.6,-9.8;
PSATPTRL;-47.8,-11.0;-47.4,-11.0;-47.0,-11.0;-46.6,-11.0;-47.8,-10.6;-47.4,-10.6;-47.0,-10.6;-46.6,-10.6;-46.2,-10.6;-47.8,-10.2;-47.4,-10.2;-47.0,-10.2;-46.6,-10.2;-46.2,-10.2;-47.8,-9.8;-47.4,-9.8;-47.0,-9.8;-46.6,-9.8;-47.8,-9.4;-47.4,-9.4;-47.0,-9.4;-47.4,-9.0;
PSATLJET;-48.2,-9.8;-48.6,-9.4;-48.2,-9.4;-48.6,-9.0;-48.2,-9.0;-47.8,-9.0;-48.6,-8.6;-48.2,-8.6;-47.8,-8.6;-47.4,-8.6;-47.0,-8.6;-48.6,-8.2;-48.2,-8.2;-47.8,-8.2;-47.4,-8.2;-47.0,-8.2;-46.6,-8.2;-48.2,-7.8;-47.8,-7.8;-47.4,-7.8;-47.0,-7.8;-46.6,-7.8;-47.8,-7.4;-47.4,-7.4;-47.0,-7.4;-47.8,-7.0;-47.4,-7.0;-47.0,-7.0;-46.6,-7.0;-47.8,-6.6;-47.4,-6.6;
PSATUCR;-50.6,-8.2;-50.2,-8.2;-49.8,-8.2;-49.4,-8.2;-49.0,-8.2;-50.2,-7.8;-49.8,-7.8;-49.4,-7.8;-49.0,-7.8;-48.6,-7.8;-50.2,-7.4;-49.8,-7.4;-49.4,-7.4;-49.0,-7.4;-48.6,-7.4;-48.2,-7.4;-50.6,-7.0;-50.2,-7.0;-49.8,-7.0;-49.4,-7.0;-49.0,-7.0;-48.6,-7.0;-48.2,-7.0;-51.0,-6.6;-50.6,-6.6;-50.2,-6.6;-49.8,-6.6;-49.4,-6.6;-49.0,-6.6;-48.6,-6.6;-48.2,-6.6;-47.0,-6.6;-51.0,-6.2;-50.6,-6.2;-50.2,-6.2;-49.8,-6.2;-49.4,-6.2;-49.0,-6.2;-48.6,-6.2;-48.2,-6.2;-47.8,-6.2;-47.4,-6.2;-47.0,-6.2;-46.6,-6.2;-51.0,-5.8;-50.6,-5.8;-50.2,-5.8;-49.8,-5.8;-49.4,-5.8;-49.0,-5.8;-48.6,-5.8;-48.2,-5.8;-47.8,-5.8;-47.4,-5.8;-47.0,-5.8;-50.6,-5.4;-50.2,-5.4;-49.8,-5.4;-49.4,-5.4;-49.0,-5.4;-48.6,-5.4;-48.2,-5.4;-47.8,-5.4;-47.4,-5.4;-50.2,-5.0;-49.8,-5.0;-49.4,-5.0;-49.0,-5.0;-48.6,-5.0;-48.2,-5.0;-50.2,-4.6;-49.8,-4.6;-49.4,-4.6;-49.8,-4.2;-49.8,-3.8;
PSATSME;-49.8,-16.2;-49.8,-15.8;-49.4,-15.8;-49.0,-15.8;-49.8,-15.4;-49.4,-15.4;-49.0,-15.4;-48.6,-15.4;-48.2,-15.4;-47.8,-15.4;-49.8,-15.0;-49.4,-15.0;-49.0,-15.0;-48.6,-15.0;-48.2,-15.0;-47.8,-15.0;-49.4,-14.6;-49.0,-14.6;-48.6,-14.6;-48.2,-14.6;-47.8,-14.6;-49.0,-14.2;-48.6,-14.2;-48.2,-14.2;-47.8,-14.2;-47.4,-14.2;
PSATBGR;-50.6,-28.6;-50.2,-28.6;-49.8,-28.6;-51.0,-28.2;-50.6,-28.2;-50.2,-28.2;-49.8,-28.2;-51.0,-27.8;
PSATCNV;-50.6,-27.8;-50.2,-27.8;-49.8,-27.8;-49.4,-27.8;-51.0,-27.4;-50.6,-27.4;-50.2,-27.4;-50.6,-27.0;
PSATFCH;-52.6,-27.4;-52.6,-27.0;-52.2,-27.0;
PSATITA;-52.2,-28.2;-51.8,-28.2;-52.2,-27.8;-52.2,-27.4;-51.8,-27.4;-51.8,-27.0;-51.4,-27.0;-51.0,-27.0;
PSATMCD;-51.4,-28.2;-51.8,-27.8;-51.4,-27.8;-51.4,-27.4;
PSATMOJ;-52.6,-27.8;
PSATQQX;-52.2,-26.6;-51.8,-26.6;
PSATPSJ;-53.8,-29.0;-54.2,-28.6;-53.8,-28.6;-55.0,-28.2;-54.6,-28.2;-54.2,-28.2;-53.8,-28.2;-53.4,-28.2;
PSATBSOR;-53.8,-14.6;-53.4,-14.6;-54.6,-14.2;-53.8,-14.2;-53.4,-14.2;-53.0,-14.2;-54.6,-13.8;-54.2,-13.8;-53.8,-13.8;-53.4,-13.8;-53.0,-13.8;-52.6,-13.8;-52.2,-13.8;-55.0,-13.4;-54.6,-13.4;-54.2,-13.4;-53.8,-13.4;-53.4,-13.4;-53.0,-13.4;-52.6,-13.4;-52.2,-13.4;-55.0,-13.0;-54.6,-13.0;-54.2,-13.0;-53.8,-13.0;-53.4,-13.0;-53.0,-13.0;-52.6,-13.0;-52.2,-13.0;-51.8,-13.0;-55.0,-12.6;-54.6,-12.6;-54.2,-12.6;-53.8,-12.6;-53.4,-12.6;-53.0,-12.6;-52.6,-12.6;-52.2,-12.6;-51.8,-12.6;-55.0,-12.2;-54.6,-12.2;-54.2,-12.2;-53.8,-12.2;-53.4,-12.2;-53.0,-12.2;-52.6,-12.2;-52.2,-12.2;-51.8,-12.2;-55.4,-11.8;-55.0,-11.8;-54.6,-11.8;-54.2,-11.8;-53.8,-11.8;-53.4,-11.8;-53.0,-11.8;-52.6,-11.8;-52.2,-11.8;-51.8,-11.8;-55.0,-11.4;-54.6,-11.4;-54.2,-11.4;-53.8,-11.4;-53.4,-11.4;-53.0,-11.4;-52.6,-11.4;-52.2,-11.4;-54.6,-11.0;-54.2,-11.0;-53.8,-11.0;-53.4,-11.0;-53.0,-11.0;-52.6,-11.0;-52.2,-11.0;-53.8,-10.6;-53.4,-10.6;-53.0,-10.6;-52.6,-10.6;-52.2,-10.6;-53.8,-10.2;-53.4,-10.2;-53.0,-10.2;-52.6,-10.2;-52.2,-10.2;-51.8,-10.2;-51.4,-10.2;-53.0,-9.8;-52.6,-9.8;-52.2,-9.8;-51.8,-9.8;-51.4,-9.8;-52.6,-9.4;-52.2,-9.4;-51.8,-9.4;-53.0,-9.0;-52.6,-9.0;-52.2,-9.0;-51.8,-9.0;-52.6,-8.6;-52.2,-8.6;-51.8,-8.6;-52.6,-8.2;-52.6,-7.8;-53.0,-7.4;-52.6,-7.4;-52.2,-7.4;-53.0,-7.0;-52.6,-7.0;-52.2,-7.0;
PSATBESP;-51.4,-9.4;-51.4,-9.0;-51.4,-8.6;-51.0,-8.6;-52.2,-8.2;-51.8,-8.2;-51.4,-8.2;-51.0,-8.2;-52.2,-7.8;-51.8,-7.8;-51.4,-7.8;-51.0,-7.8;-50.6,-7.8;-51.8,-7.4;-51.4,-7.4;-51.0,-7.4;-50.6,-7.4;-51.8,-7.0;-51.4,-7.0;-51.0,-7.0;-51.4,-6.6;
PSATPIME;-53.8,-10.2;-54.2,-9.8;-53.8,-9.8;-53.4,-9.8;-54.6,-9.4;-54.2,-9.4;-53.8,-9.4;-53.4,-9.4;-53.0,-9.4;-55.0,-9.0;-54.6,-9.0;-54.2,-9.0;-53.8,-9.0;-53.4,-9.0;-55.0,-8.6;-54.6,-8.6;-54.2,-8.6;-53.8,-8.6;-53.4,-8.6;-53.0,-8.6;-55.0,-8.2;-54.6,-8.2;-54.2,-8.2;-53.8,-8.2;-53.4,-8.2;-53.0,-8.2;-55.0,-7.8;-54.6,-7.8;-54.2,-7.8;-53.8,-7.8;-53.4,-7.8;-55.0,-7.4;-54.6,-7.4;-54.2,-7.4;-53.8,-7.4;-53.4,-7.4;-55.0,-7.0;-54.6,-7.0;-54.2,-7.0;-53.8,-7.0;-53.4,-7.0;-55.0,-6.6;-54.6,-6.6;-54.2,-6.6;-53.8,-6.6;-53.4,-6.6;-53.0,-6.6;-52.6,-6.6;-52.2,-6.6;-51.8,-6.6;-55.0,-6.2;-54.6,-6.2;-54.2,-6.2;-53.8,-6.2;-53.4,-6.2;-53.0,-6.2;-52.6,-6.2;-52.2,-6.2;-51.8,-6.2;-51.4,-6.2;-55.0,-5.8;-54.6,-5.8;-54.2,-5.8;-53.8,-5.8;-53.4,-5.8;-53.0,-5.8;-52.6,-5.8;-52.2,-5.8;-51.8,-5.8;-51.4,-5.8;-55.0,-5.4;-54.6,-5.4;-54.2,-5.4;-53.8,-5.4;-53.4,-5.4;-53.0,-5.4;-52.6,-5.4;-52.2,-5.4;-51.8,-5.4;-51.4,-5.4;-51.0,-5.4;-55.4,-5.0;-55.0,-5.0;-54.6,-5.0;-54.2,-5.0;-53.8,-5.0;-53.4,-5.0;-53.0,-5.0;-52.6,-5.0;-52.2,-5.0;-51.8,-5.0;-51.4,-5.0;-51.0,-5.0;-55.0,-4.6;-54.6,-4.6;-54.2,-4.6;-53.8,-4.6;-53.4,-4.6;-53.0,-4.6;-52.6,-4.6;-52.2,-4.6;-51.8,-4.6;-51.4,-4.6;-51.0,-4.6;-53.8,-4.2;-53.4,-4.2;-53.0,-4.2;-52.6,-4.2;-52.2,-4.2;-51.8,-4.2;-51.4,-4.2;-53.0,-3.8;-52.6,-3.8;-52.2,-3.8;-51.8,-3.8;-51.4,-3.8;-52.2,-3.4;-51.8,-3.4;
PSATSBR;-45.8,-23.4;-45.4,-23.4;-45.0,-23.0;
PSATJAG;-46.2,-23.4;-46.2,-23.0;-45.8,-23.0;
PSATFUNI;-46.2,-23.4;-45.8,-23.0;-45.4,-23.0;-45.0,-22.6;-44.6,-22.6;
PSATSACE;-44.2,-22.6;
PSATPIC;-43.8,-21.8;
PSATSOGI;-43.4,-21.8;
PSATIPSI;-44.2,-22.2;-43.8,-22.2;-43.4,-22.2;-43.0,-22.2;-43.0,-21.8;-42.6,-21.8;
PSATTCLJ;-44.2,-23.0;-44.2,-22.6;-43.8,-22.6;
PSATBRAU;-43.4,-21.4;-43.0,-21.4;-42.6,-21.4;
PSATSUIC;-41.0,-20.2;
